0 107
0 162
0 149
0 28
0 267
0 12
0 174
0 220
0 293
0 262
0 244
0 44
0 333
0 33
0 177
0 210
0 145
0 179
0 126
0 90
0 92
0 48
0 249
0 187
0 202
0 80
0 37
0 57
0 85
0 266
0 101
0 194
0 180
0 24
0 254
0 299
0 34
0 5
0 330
0 94
0 142
0 188
0 301
0 340
0 79
0 119
0 25
0 127
0 104
0 314
0 6
0 319
0 303
0 290
0 247
0 200
0 136
0 87
0 82
0 152
0 10
0 242
0 297
0 63
0 98
0 62
0 341
0 248
0 148
0 139
0 105
0 277
0 157
0 103
0 309
0 72
0 123
0 219
0 185
0 16
0 9
0 49
0 342
0 169
0 186
0 36
0 47
0 261
0 315
0 21
0 291
0 197
0 135
0 213
0 38
0 117
0 281
0 190
0 39
0 22
0 89
0 286
0 64
0 196
0 77
0 189
0 328
0 60
0 256
0 269
0 224
0 294
0 1
0 233
0 339
0 128
0 207
0 95
0 274
0 172
0 40
0 129
0 255
0 285
0 124
0 168
0 31
0 26
0 322
0 317
0 45
0 15
0 65
0 318
0 304
0 50
0 114
0 345
0 67
0 141
0 109
0 338
0 56
0 323
0 170
0 3
0 7
0 121
0 347
0 246
0 96
0 316
0 288
0 271
0 198
0 276
0 133
0 176
0 325
0 251
0 208
0 108
0 227
0 175
0 86
0 143
0 68
0 131
0 138
0 278
0 211
0 70
0 212
0 308
0 151
0 311
0 235
0 118
0 218
0 134
0 332
0 331
0 240
0 158
0 238
0 313
0 252
0 113
0 66
0 13
0 203
0 199
0 165
0 76
0 161
0 265
0 324
0 2
0 216
0 14
0 42
0 73
0 279
0 164
0 154
0 146
0 292
0 206
0 74
0 204
0 336
0 282
0 46
0 225
0 20
0 41
0 312
0 209
0 321
0 115
0 32
0 214
0 310
0 326
0 35
0 192
0 343
0 137
0 52
0 111
0 17
0 93
0 289
0 337
0 23
0 69
0 239
0 250
0 236
0 258
0 156
0 84
0 280
0 268
0 59
0 223
0 122
0 55
0 257
0 295
0 344
0 125
0 237
0 83
0 51
0 270
0 150
0 144
0 147
0 116
0 140
0 327
0 171
0 58
0 71
0 215
0 54
0 61
0 298
0 229
0 81
0 253
0 193
0 97
0 264
0 29
0 132
0 110
0 163
0 259
0 183
0 334
0 245
0 222
0 173
0 155
0 99
1 0
1 54
1 322
1 236
1 73
1 346
1 126
1 119
1 280
1 92
1 88
1 299
1 48
1 133
1 194
1 53
1 315
2 0
2 343
2 326
2 116
2 115
2 149
2 312
2 226
2 333
2 20
3 0
3 323
3 274
3 9
3 283
3 67
3 188
3 122
3 142
3 72
3 26
3 25
3 200
3 280
3 228
3 85
3 170
4 181
4 78
4 273
4 328
4 218
4 275
4 195
4 152
4 306
5 0
5 156
5 169
5 235
5 158
5 213
5 316
5 87
5 315
5 187
5 204
5 180
5 122
6 0
6 95
6 319
6 219
6 147
6 89
7 0
7 315
7 129
7 308
7 304
7 246
7 87
7 339
7 340
7 291
7 347
7 168
7 103
7 31
7 322
7 65
7 38
7 22
7 213
7 136
8 110
8 193
8 201
8 259
8 264
8 91
8 245
9 0
9 188
9 231
9 3
9 271
9 69
9 341
9 25
9 232
9 295
9 122
9 291
9 285
9 21
9 200
9 185
9 133
9 297
9 161
9 272
9 30
9 75
9 141
9 186
9 315
9 169
9 329
9 148
9 56
9 224
9 277
9 142
9 134
9 72
9 26
9 252
9 203
9 322
9 323
9 276
9 176
9 258
9 304
9 67
9 105
9 128
9 334
9 85
9 199
9 280
9 119
9 156
9 66
9 170
9 342
9 113
9 79
10 0
10 332
10 323
10 67
10 200
10 277
10 285
10 291
10 169
10 142
12 0
13 0
13 325
13 65
13 332
13 199
13 211
13 119
13 277
13 188
13 261
13 118
13 172
13 238
13 98
13 236
13 148
13 223
13 313
13 67
13 252
13 82
13 239
13 342
13 271
13 21
13 56
13 265
13 26
13 304
13 109
13 59
14 0
14 115
14 310
14 343
14 41
14 326
14 214
14 149
14 312
14 144
14 28
14 116
14 151
14 226
14 20
15 0
16 0
16 332
16 172
16 331
16 29
16 329
16 118
16 82
16 261
17 0
17 115
17 214
17 144
17 137
17 312
17 19
17 111
17 41
17 116
17 310
17 140
17 326
19 89
19 41
19 227
19 319
19 343
19 112
19 289
19 138
19 115
19 17
19 214
19 174
19 293
19 312
19 175
20 0
20 343
20 14
20 214
20 111
20 326
20 149
20 162
20 312
20 41
20 226
20 115
20 2
20 44
20 333
21 0
21 127
21 313
21 67
21 284
21 25
21 186
21 39
21 304
21 345
21 161
21 108
21 232
21 66
21 200
21 315
21 252
21 109
21 297
21 325
21 248
21 123
21 31
21 323
21 322
21 122
21 251
21 98
21 104
21 13
21 159
21 40
21 197
21 26
21 334
21 280
21 188
21 165
21 272
21 281
21 271
21 236
21 121
21 235
21 274
21 212
21 134
21 55
21 56
21 169
21 170
21 223
21 342
21 9
21 184
21 332
21 142
21 239
21 203
21 105
21 277
21 119
21 88
21 136
21 308
22 0
22 158
22 347
22 308
22 185
22 324
22 168
22 87
22 277
22 339
22 7
23 0
23 267
23 144
23 124
23 155
23 237
23 230
23 240
23 51
23 99
23 83
23 190
23 245
23 175
23 61
23 227
23 116
24 0
24 249
24 57
24 80
24 92
24 242
24 94
24 299
24 101
24 194
24 180
24 266
24 187
24 53
24 302
24 346
25 0
25 332
25 246
25 65
25 170
25 83
25 322
25 79
25 26
25 237
25 130
25 73
25 113
25 203
25 257
25 98
25 325
25 288
25 236
25 221
25 103
25 67
25 185
25 69
25 21
25 270
25 239
25 331
25 122
25 56
25 224
25 105
25 271
25 31
25 39
25 285
25 9
25 336
25 40
25 84
25 188
25 283
25 3
25 51
25 94
25 323
25 186
25 290
25 276
25 169
25 232
25 158
25 176
25 231
25 76
25 119
25 104
25 148
25 252
25 72
25 141
25 297
25 199
25 280
25 291
25 277
25 200
25 88
25 272
26 0
26 212
26 248
26 56
26 66
26 142
26 323
26 25
26 186
26 104
26 322
26 325
26 224
26 113
26 67
26 169
26 72
26 109
26 134
26 295
26 223
26 285
26 172
26 119
26 280
26 257
26 313
26 13
26 185
26 133
26 239
26 170
26 297
26 62
26 158
26 332
26 123
26 200
26 141
26 291
26 79
26 188
26 236
26 98
26 118
26 128
26 277
26 252
26 3
26 21
26 9
26 199
26 265
26 203
26 308
26 232
26 122
26 334
26 271
26 176
26 55
26 304
26 40
26 69
26 315
26 298
26 276
26 161
27 329
27 324
27 119
27 54
28 0
28 149
28 14
28 116
28 41
28 115
28 140
28 226
28 326
28 151
28 144
28 310
28 312
29 0
29 211
29 247
29 82
29 106
29 203
29 172
29 40
29 16
29 231
29 252
29 118
29 338
30 178
30 304
30 224
30 188
30 213
30 271
30 331
30 329
30 236
30 73
30 200
30 322
30 9
30 48
30 56
30 303
31 0
31 84
31 304
31 122
31 25
31 21
31 67
31 7
31 280
31 142
31 252
31 109
31 83
31 338
31 129
31 200
31 308
31 339
31 168
31 291
31 51
31 237
31 277
32 0
32 93
32 337
32 137
32 310
32 167
33 0
33 42
34 0
34 348
34 414
34 428
34 173
35 0
35 143
36 0
36 127
36 281
36 284
36 108
36 184
36 135
36 197
36 320
36 309
36 251
37 0
38 0
38 332
38 7
38 339
38 322
38 178
38 117
38 248
38 141
39 0
39 257
39 119
39 280
39 313
39 277
39 69
39 25
39 200
39 161
39 165
39 105
39 21
39 121
39 141
40 0
40 258
40 298
40 25
40 56
40 67
40 172
40 132
40 325
40 26
40 322
40 113
40 257
40 203
40 307
40 21
40 212
40 77
40 199
40 332
40 200
40 213
40 133
40 232
40 280
40 231
40 334
40 271
40 315
40 329
40 72
40 169
40 304
40 29
40 141
40 274
40 224
40 158
40 142
40 277
40 317
40 239
40 265
40 272
41 0
41 20
41 326
41 19
41 93
41 312
41 111
41 343
41 310
41 337
41 44
41 28
41 140
41 226
41 214
41 137
41 151
41 14
41 144
41 116
41 17
41 115
41 230
41 243
42 0
42 33
44 0
44 41
44 20
44 111
44 312
44 343
45 0
45 345
45 132
45 303
45 322
45 186
45 142
45 200
45 122
45 104
45 221
45 67
46 0
46 143
46 278
46 175
46 177
47 0
47 301
48 0
48 126
48 130
48 30
48 53
48 1
48 302
48 322
48 199
48 299
48 271
48 332
48 119
48 180
48 330
48 80
48 203
48 88
48 73
48 54
48 320
48 57
49 0
49 255
49 241
49 192
50 0
50 334
50 148
50 109
50 331
50 119
50 146
50 203
50 113
50 314
50 277
51 0
51 31
51 84
51 23
51 25
51 83
51 237
52 0
52 192
53 242
53 1
53 92
53 88
53 346
53 299
53 48
53 196
53 322
53 260
53 254
53 191
53 54
53 317
53 332
53 204
53 330
53 213
53 101
53 249
53 266
53 24
53 180
53 146
53 130
53 315
53 194
53 94
53 248
53 302
54 0
54 48
54 119
54 53
54 313
54 329
54 1
54 27
55 0
55 185
55 104
55 123
55 252
55 186
55 26
55 122
55 261
55 67
55 277
55 56
55 239
55 170
55 203
55 21
55 200
56 0
56 142
56 113
56 271
56 223
56 341
56 172
56 315
56 25
56 63
56 13
56 207
56 98
56 285
56 323
56 134
56 261
56 82
56 213
56 118
56 265
56 232
56 331
56 109
56 325
56 186
56 170
56 303
56 21
56 200
56 188
56 304
56 291
56 104
56 322
56 276
56 290
56 40
56 72
56 342
56 231
56 277
56 211
56 313
56 222
56 199
56 30
56 212
56 60
56 298
56 136
56 334
56 67
56 26
56 88
56 141
56 185
56 128
56 297
56 239
56 252
56 103
56 132
56 55
56 75
56 66
56 119
56 161
56 62
56 332
56 272
56 221
56 169
56 59
56 203
56 122
56 238
56 9
57 0
57 204
57 320
57 302
57 242
57 184
57 346
57 108
57 48
57 24
57 80
57 277
57 249
57 213
57 92
58 1912
58 2885
58 2838
58 3003
58 2814
58 3173
58 3290
58 0
58 1684
58 171
58 107
58 269
59 0
59 118
59 238
59 13
59 172
59 82
59 211
59 98
59 203
59 250
59 325
59 261
59 252
59 186
59 268
59 239
59 56
59 271
59 342
60 0
60 313
60 158
60 56
60 322
60 239
60 291
60 285
61 0
61 193
61 23
62 0
62 236
62 200
62 161
62 276
62 142
62 67
62 239
62 323
62 170
62 223
62 199
62 122
62 322
62 318
62 98
62 261
62 341
62 141
62 26
62 224
62 130
62 56
62 133
62 186
62 96
63 0
63 271
63 342
63 261
63 56
63 313
64 0
64 150
64 100
64 189
64 119
64 171
64 217
65 0
65 339
65 203
65 13
65 252
65 7
65 297
65 25
65 118
65 82
65 261
65 314
66 0
66 308
66 122
66 134
66 334
66 113
66 26
66 304
66 252
66 142
66 239
66 9
66 67
66 56
66 21
67 0
67 122
67 224
67 82
67 334
67 79
67 158
67 261
67 98
67 156
67 342
67 199
67 161
67 118
67 40
67 315
67 66
67 31
67 170
67 113
67 45
67 285
67 248
67 324
67 308
67 236
67 169
67 56
67 239
67 223
67 313
67 10
67 185
67 3
67 303
67 265
67 304
67 25
67 322
67 134
67 21
67 72
67 344
67 277
67 13
67 213
67 104
67 128
67 280
67 26
67 271
67 141
67 69
67 142
67 55
67 297
67 136
67 203
67 212
67 290
67 188
67 123
67 119
67 75
67 186
67 109
67 272
67 62
67 345
67 9
67 323
67 196
67 200
67 332
67 252
67 325
68 0
68 296
68 99
68 263
68 143
68 227
68 225
68 175
68 177
69 0
69 105
69 39
69 121
69 236
69 9
69 304
69 25
69 26
69 67
70 0
70 230
71 0
71 307
71 230
72 0
72 271
72 298
72 239
72 132
72 329
72 212
72 25
72 199
72 172
72 67
72 9
72 272
72 291
72 56
72 232
72 113
72 26
72 200
72 3
72 165
72 252
72 141
72 40
73 0
73 88
73 25
73 30
73 130
73 48
73 331
73 1
73 126
73 299
74 0
75 258
75 85
75 322
75 274
75 272
75 170
75 188
75 323
75 56
75 67
75 304
75 200
75 9
76 0
76 25
76 270
77 0
77 231
77 294
77 117
77 332
77 40
78 275
78 328
78 4
78 195
78 181
78 306
78 218
78 273
79 0
79 185
79 200
79 9
79 272
79 119
79 271
79 25
79 252
79 67
79 26
79 188
80 0
80 330
80 88
80 180
80 101
80 204
80 315
80 242
80 94
80 173
80 213
80 249
80 346
80 299
80 92
80 300
80 194
80 266
80 57
80 48
80 24
80 320
80 187
81 0
81 286
81 269
82 0
82 268
82 203
82 318
82 16
82 84
82 222
82 211
82 252
82 65
82 271
82 169
82 231
82 331
82 158
82 118
82 56
82 148
82 13
82 170
82 314
82 199
82 59
82 261
82 121
82 172
82 313
82 325
82 67
82 98
82 29
82 119
82 123
82 238
83 0
83 237
83 51
83 84
83 31
83 25
83 23
84 0
84 31
84 313
84 276
84 304
84 25
84 265
84 83
84 237
84 82
84 224
84 51
84 236
85 0
85 75
85 9
85 272
85 258
85 274
85 170
85 3
85 271
85 322
85 188
85 323
85 156
85 176
86 0
86 227
86 177
86 175
86 225
86 278
87 0
87 291
87 22
87 7
87 5
87 308
87 339
87 322
87 213
87 246
87 315
87 161
87 136
88 25
88 178
88 130
88 53
88 236
88 242
88 126
88 56
88 336
88 1
88 303
88 322
88 80
88 106
88 164
88 48
88 73
88 186
88 21
89 0
89 147
89 219
89 19
89 327
89 319
89 95
89 6
90 0
90 179
91 201
91 264
91 259
91 245
91 110
91 193
91 8
92 0
92 80
92 57
92 249
92 101
92 53
92 302
92 330
92 254
92 299
92 266
92 196
92 204
92 187
92 94
92 24
92 180
92 194
92 1
92 242
92 346
93 0
93 111
93 41
93 32
93 137
93 337
93 310
93 167
94 0
94 330
94 194
94 101
94 302
94 25
94 242
94 266
94 299
94 204
94 249
94 187
94 300
94 92
94 180
94 254
94 24
94 315
94 320
94 80
94 53
94 346
95 0
95 327
95 6
95 147
95 89
95 319
96 0
96 62
96 323
96 314
96 213
96 224
96 190
96 274
96 133
97 0
97 182
97 230
98 0
98 332
98 277
98 109
98 239
98 304
98 13
98 200
98 103
98 211
98 276
98 123
98 313
98 199
98 238
98 342
98 56
98 62
98 67
98 291
98 258
98 21
98 271
98 172
98 223
98 331
98 285
98 148
98 203
98 104
98 122
98 113
98 261
98 325
98 280
98 128
98 59
98 272
98 141
98 315
98 265
98 252
98 26
98 170
98 25
98 186
98 82
98 119
98 118
99 0
99 225
99 175
99 143
99 177
99 227
99 131
99 263
99 278
99 23
99 102
99 68
99 296
100 189
100 119
100 64
100 163
100 269
100 217
100 323
100 150
101 0
101 242
101 180
101 24
101 92
101 317
101 254
101 346
101 249
101 94
101 204
101 330
101 53
101 302
101 266
101 194
101 187
101 80
101 299
102 175
102 227
102 263
102 99
102 296
103 0
103 211
103 185
103 323
103 200
103 252
103 172
103 7
103 25
103 98
103 56
103 136
103 285
103 169
103 339
103 271
104 0
104 252
104 295
104 332
104 239
104 277
104 56
104 303
104 322
104 318
104 67
104 123
104 186
104 200
104 25
104 26
104 188
104 169
104 325
104 203
104 113
104 122
104 142
104 21
104 128
104 344
104 45
104 55
104 98
104 109
104 271
104 212
105 0
105 315
105 148
105 25
105 119
105 280
105 39
105 69
105 236
105 257
105 21
105 272
105 277
105 9
106 332
106 329
106 238
106 88
106 231
106 169
106 29
107 1314
107 1333
107 1452
107 1629
107 1880
107 901
107 1787
107 1601
107 1216
107 1895
107 1371
107 1837
107 1186
107 910
107 1784
107 963
107 958
107 1363
107 1798
107 1232
107 1378
107 992
107 1568
107 1733
107 1468
107 1533
107 1424
107 1548
107 903
107 1747
107 1319
107 1118
107 1137
107 938
107 1097
107 1262
107 1780
107 899
107 1885
107 1012
107 1818
107 1062
107 1657
107 1618
107 1038
107 1442
107 912
107 1814
107 1133
107 1821
107 1562
107 1395
107 1439
107 1897
107 1337
107 968
107 1001
107 1658
107 1077
107 1621
107 1334
107 1339
107 1110
107 908
107 1265
107 1723
107 1537
107 1564
107 1626
107 1563
107 1059
107 1688
107 1833
107 1028
107 1717
107 1551
107 1328
107 1520
107 1491
107 1811
107 1639
107 1877
107 1516
107 1069
107 1055
107 1643
107 1068
107 1375
107 1017
107 1193
107 1558
107 1861
107 1779
107 1816
107 1580
107 923
107 1269
107 1267
107 1327
107 1622
107 1623
107 1214
107 1312
107 1659
107 1283
107 1445
107 1524
107 1165
107 1089
107 1838
107 1813
107 1689
107 1652
107 1291
107 1835
107 1365
107 1900
107 1209
107 1211
107 1528
107 1301
107 1809
107 1360
107 1663
107 1402
107 1532
107 1698
107 1701
107 926
107 1201
107 1521
107 1765
107 1863
107 1865
107 1243
107 1084
107 1390
107 1610
107 1544
107 906
107 1721
107 1668
107 1702
107 1330
107 1471
107 1124
107 1431
107 1238
107 1796
107 1589
107 1769
107 1075
107 996
107 916
107 1056
107 1714
107 1003
107 1675
107 1800
107 1737
107 1149
107 1485
107 1086
107 1145
107 1420
107 1730
107 1888
107 414
107 1380
107 1757
107 1867
107 1774
107 1128
107 966
107 1305
107 1458
107 1085
107 1449
107 1792
107 1513
107 1074
107 1006
107 1079
107 1843
107 1644
107 1467
107 1416
107 1123
107 1460
107 1376
107 1441
107 1352
107 921
107 1746
107 1535
107 1719
107 991
107 1700
107 1369
107 1883
107 1614
107 1351
107 1617
107 1250
107 934
107 1076
107 1470
107 1795
107 1058
107 1290
107 1846
107 1753
107 920
107 1242
107 922
107 1637
107 961
107 1710
107 1278
107 1653
107 1509
107 1008
107 1293
107 1817
107 1588
107 1517
107 978
107 1803
107 947
107 1101
107 1683
107 1791
107 1697
107 1178
107 1559
107 1484
107 1271
107 1561
107 1029
107 1161
107 1151
107 982
107 1477
107 1049
107 1902
107 1422
107 1034
107 1391
107 1321
107 967
107 1750
107 1480
107 1540
107 1819
107 1098
107 1557
107 1886
107 1135
107 1172
107 1669
107 1793
107 1761
107 1411
107 1361
107 1612
107 1613
107 1678
107 1789
107 1272
107 1039
107 1132
107 1823
107 1620
107 951
107 1447
107 980
107 1735
107 1398
107 1073
107 952
107 1219
107 1088
107 1026
107 1842
107 1641
107 1126
107 1116
107 1519
107 1608
107 1377
107 1367
107 1708
107 1522
107 1752
107 1827
107 1593
107 1140
107 1836
107 1054
107 1523
107 1344
107 1845
107 1724
107 1107
107 1184
107 1181
107 1619
107 1435
107 1198
107 1851
107 1584
107 1597
107 1146
107 1600
107 925
107 927
107 1112
107 1092
107 1594
107 1195
107 983
107 1799
107 1182
107 1805
107 1048
107 1050
107 1329
107 1722
107 929
107 1494
107 1288
107 1547
107 1666
107 1191
107 1553
107 946
107 1572
107 1603
107 1554
107 1736
107 1585
107 1317
107 1852
107 1579
107 1539
107 526
107 1015
107 1848
107 1515
107 971
107 1591
107 1448
107 1808
107 1828
107 1636
107 1261
107 1859
107 1418
107 1379
107 1875
107 1018
107 1036
107 1872
107 1257
107 1682
107 1381
107 1143
107 1899
107 1436
107 1215
107 1115
107 1413
107 1120
107 1691
107 1423
107 1635
107 1891
107 1158
107 1227
107 1099
107 1060
107 1231
107 1607
107 1664
107 1016
107 979
107 1403
107 1057
107 1138
107 1053
107 1896
107 1177
107 1179
107 1767
107 1387
107 1332
107 1574
107 1114
107 1882
107 1679
107 1113
107 366
107 1766
107 606
107 1487
107 420
107 915
107 914
107 1692
107 1408
107 1155
107 517
107 1142
107 0
107 1080
107 1881
107 1223
107 1237
107 651
107 976
107 1025
107 1616
107 1320
107 1542
107 987
107 1429
107 1760
107 1745
107 1738
107 1444
107 1699
107 1531
107 1035
107 1690
107 1263
107 913
107 1807
107 1052
107 1183
107 1727
107 1504
107 1469
107 1421
107 1031
107 1251
107 1013
107 389
107 1549
107 1555
107 1676
107 1684
107 563
107 1087
107 1174
107 1385
107 950
107 1144
107 1410
107 1384
107 1111
107 955
107 1197
107 1368
107 1254
107 1252
107 1030
107 1045
107 1043
107 171
107 58
107 629
107 483
107 641
107 649
107 428
107 475
107 348
107 601
107 580
107 566
107 363
107 376
107 1726
107 1505
107 990
107 1534
107 1656
107 1419
107 1758
107 1642
107 1171
107 1405
107 1450
108 0
108 251
108 127
108 57
108 272
108 159
108 184
108 281
108 320
108 36
108 21
108 284
108 197
109 0
109 325
109 323
109 297
109 239
109 277
109 332
109 98
109 31
109 118
109 56
109 119
109 200
109 26
109 67
109 186
109 324
109 158
109 331
109 322
109 252
109 21
109 203
109 303
109 142
109 104
109 229
109 285
109 169
109 295
109 271
109 314
109 304
109 122
109 50
109 148
109 13
110 0
110 91
110 8
110 259
110 264
111 0
111 137
111 44
111 326
111 93
111 41
111 214
111 17
111 20
111 310
111 312
111 337
111 279
111 343
112 174
112 19
113 0
113 134
113 169
113 199
113 334
113 186
113 56
113 158
113 188
113 285
113 122
113 40
113 252
113 104
113 261
113 142
113 66
113 132
113 342
113 119
113 271
113 26
113 67
113 25
113 313
113 325
113 72
113 172
113 277
113 239
113 203
113 148
113 200
113 304
113 121
113 9
113 98
113 165
113 50
113 291
114 0
115 0
115 149
115 214
115 17
115 144
115 192
115 220
115 20
115 326
115 41
115 343
115 116
115 262
115 140
115 14
115 226
115 312
115 28
115 137
115 19
115 2
116 0
116 28
116 326
116 115
116 17
116 162
116 2
116 41
116 226
116 214
116 343
116 144
116 140
116 312
116 149
116 23
116 14
117 0
117 77
117 38
117 280
117 285
117 231
118 0
118 203
118 265
118 59
118 313
118 238
118 222
118 98
118 16
118 325
118 261
118 283
118 239
118 26
118 268
118 211
118 331
118 200
118 342
118 172
118 324
118 199
118 65
118 13
118 56
118 277
118 304
118 29
118 82
118 252
118 161
118 271
118 67
118 134
118 109
118 322
119 0
119 189
119 261
119 318
119 324
119 248
119 1
119 329
119 98
119 339
119 27
119 67
119 56
119 148
119 21
119 25
119 200
119 105
119 203
119 79
119 132
119 146
119 342
119 113
119 64
119 100
119 297
119 239
119 277
119 9
119 229
119 163
119 269
119 331
119 150
119 50
119 13
119 323
119 48
119 170
119 171
119 54
119 39
119 285
119 332
119 252
119 185
119 313
119 217
119 176
119 122
119 271
119 199
119 208
119 109
119 188
119 280
119 128
119 82
119 26
119 125
119 325
120 136
120 277
120 247
121 0
121 39
121 113
121 82
121 315
121 69
121 21
121 280
121 236
121 169
121 206
121 165
122 0
122 251
122 136
122 239
122 281
122 67
122 232
122 109
122 119
122 213
122 276
122 45
122 98
122 66
122 9
122 322
122 315
122 104
122 62
122 156
122 297
122 113
122 345
122 176
122 5
122 277
122 26
122 186
122 169
122 21
122 271
122 304
122 332
122 325
122 188
122 236
122 235
122 224
122 252
122 344
122 161
122 342
122 285
122 323
122 248
122 141
122 274
122 284
122 128
122 142
122 280
122 123
122 31
122 203
122 200
122 261
122 25
122 55
122 303
122 56
122 3
122 272
122 170
123 0
123 252
123 21
123 122
123 261
123 55
123 239
123 104
123 142
123 82
123 318
123 200
123 26
123 186
123 98
123 67
123 334
123 342
124 0
124 23
124 157
124 170
125 0
125 169
125 119
125 136
126 0
126 1
126 73
126 260
126 322
126 88
126 48
127 0
127 197
127 346
127 159
127 184
127 309
127 320
127 272
127 139
127 251
127 108
127 281
127 21
127 36
127 284
127 135
128 0
128 98
128 203
128 56
128 199
128 9
128 104
128 265
128 322
128 313
128 176
128 26
128 271
128 252
128 170
128 213
128 248
128 122
128 334
128 172
128 150
128 186
128 211
128 169
128 315
128 119
128 223
128 67
129 0
129 347
129 339
129 291
129 31
129 168
129 7
130 277
130 346
130 213
130 191
130 62
130 53
130 322
130 257
130 25
130 88
130 73
130 204
130 300
130 48
130 329
131 0
131 225
131 177
131 143
131 278
131 227
131 99
132 0
132 242
132 113
132 317
132 72
132 56
132 334
132 40
132 311
132 277
132 303
132 315
132 119
132 45
132 158
132 134
133 0
133 276
133 232
133 1
133 9
133 315
133 322
133 224
133 280
133 183
133 188
133 26
133 236
133 271
133 40
133 141
133 96
133 62
134 0
134 277
134 248
134 199
134 238
134 334
134 142
134 9
134 113
134 21
134 203
134 304
134 252
134 67
134 66
134 132
134 26
134 118
134 56
135 0
135 127
135 251
135 320
135 184
135 284
135 309
135 197
135 281
135 36
136 1912
136 0
136 2475
136 2247
136 2458
136 1939
136 1718
136 2138
136 2583
136 2508
136 2459
136 2071
136 2384
136 2617
136 2529
136 2461
136 2250
136 2472
136 1955
136 2009
136 2117
136 2447
136 2547
136 2187
136 2398
136 2445
136 2327
136 2502
136 2203
136 2072
136 2463
136 2533
136 2189
136 1973
136 2068
136 2289
136 2127
136 2471
136 2018
136 2004
136 1951
136 2174
136 2571
136 2598
136 2649
136 2042
136 2102
136 1932
136 2038
136 2116
136 2180
136 2054
136 2284
136 2183
136 2643
136 2302
136 2319
136 2027
136 2636
136 2378
136 2436
136 2143
136 2279
136 2081
136 2171
136 1945
136 2153
136 2653
136 2157
136 2133
136 2111
136 2223
136 2629
136 1926
136 2001
136 2635
136 2660
136 2498
136 2510
136 2268
136 2039
136 2283
136 2024
136 2135
136 2254
136 2543
136 2491
136 2538
136 2292
136 2337
136 2511
136 1972
136 2264
136 1998
136 2128
136 2336
136 2267
136 2199
136 2451
136 2647
136 2640
136 1976
136 2589
136 2224
136 2007
136 1991
136 2364
136 2494
136 7
136 156
136 339
136 56
136 304
136 122
136 169
136 308
136 120
136 322
136 21
136 146
136 87
136 213
136 125
136 246
136 285
136 315
136 324
136 103
136 67
136 2032
136 1995
136 2225
136 2417
137 0
137 243
137 140
137 337
137 310
137 326
137 289
137 32
137 93
137 17
137 115
137 214
137 41
137 111
137 167
137 312
138 0
138 19
139 0
139 159
139 184
139 127
139 284
139 197
139 251
139 281
139 320
140 0
140 28
140 116
140 115
140 144
140 41
140 312
140 214
140 17
140 326
140 137
141 0
141 25
141 133
141 224
141 172
141 67
141 280
141 257
141 39
141 122
141 72
141 291
141 199
141 304
141 40
141 62
141 26
141 98
141 276
141 239
141 271
141 38
141 56
141 236
141 9
141 323
141 258
141 272
142 0
142 239
142 188
142 203
142 45
142 26
142 67
142 10
142 3
142 169
142 236
142 252
142 200
142 315
142 280
142 186
142 113
142 332
142 62
142 66
142 345
142 322
142 158
142 122
142 271
142 31
142 277
142 161
142 285
142 104
142 9
142 323
142 303
142 109
142 170
142 134
142 56
142 334
142 297
142 21
142 123
142 40
142 308
143 0
143 321
143 99
143 35
143 46
143 225
143 68
143 227
143 278
143 131
143 175
143 177
144 0
144 312
144 140
144 149
144 115
144 28
144 41
144 116
144 17
144 151
144 343
144 23
144 14
144 326
144 226
145 0
145 179
146 0
146 53
146 119
146 317
146 148
146 136
146 285
146 339
146 50
146 313
147 0
147 89
147 219
147 6
147 319
147 95
148 0
148 224
148 185
148 271
148 261
148 98
148 13
148 146
148 9
148 82
148 105
148 176
148 272
148 339
148 229
148 25
148 113
148 50
148 109
148 119
149 0
149 14
149 28
149 116
149 312
149 144
149 333
149 343
149 2
149 115
149 326
149 162
149 226
149 20
150 0
150 119
150 217
150 324
150 100
150 171
150 189
150 64
150 329
150 163
150 128
151 0
151 14
151 28
151 312
151 310
151 144
151 41
152 0
152 181
152 339
152 275
152 4
153 280
154 0
154 219
155 0
155 23
155 157
156 0
156 272
156 235
156 9
156 85
156 258
156 5
156 136
156 122
156 188
156 67
156 295
157 0
157 155
157 124
158 0
158 60
158 232
158 168
158 291
158 322
158 317
158 5
158 332
158 248
158 109
158 132
158 325
158 67
158 25
158 242
158 113
158 142
158 22
158 82
158 304
158 339
158 315
158 26
158 40
159 197
159 284
159 21
159 108
159 272
159 184
159 345
159 320
159 277
159 281
159 127
159 172
159 139
160 260
161 0
161 325
161 203
161 213
161 67
161 304
161 122
161 314
161 39
161 322
161 199
161 277
161 271
161 9
161 258
161 26
161 62
161 87
161 339
161 21
161 252
161 118
161 56
161 308
161 142
162 0
162 333
162 116
162 312
162 20
162 326
162 343
162 149
163 0
163 150
163 100
163 249
163 119
163 173
164 0
164 285
164 88
165 0
165 21
165 188
165 342
165 334
165 39
165 200
165 169
165 113
165 72
165 121
166 173
166 198
166 202
167 310
167 243
167 337
167 137
167 32
167 93
168 0
168 339
168 277
168 158
168 129
168 291
168 22
168 7
168 347
168 31
168 304
169 0
169 252
169 106
169 10
169 165
169 109
169 103
169 322
169 82
169 248
169 25
169 67
169 280
169 291
169 271
169 136
169 40
169 56
169 334
169 318
169 26
169 236
169 315
169 21
169 122
169 104
169 185
169 332
169 277
169 5
169 142
169 9
169 125
169 128
169 113
169 257
169 121
169 239
170 0
170 252
170 122
170 62
170 119
170 239
170 323
170 75
170 98
170 9
170 341
170 85
170 55
170 277
170 186
170 188
170 223
170 211
170 334
170 203
170 313
170 25
170 21
170 322
170 67
170 176
170 56
170 274
170 142
170 250
170 315
170 3
170 128
170 304
170 342
170 268
170 290
170 260
170 271
170 200
170 285
170 332
170 82
170 185
170 124
170 26
171 3003
171 2704
171 3290
171 2740
171 2838
171 2885
171 0
171 1193
171 1486
171 1387
171 1171
171 1549
171 904
171 1297
171 1684
171 58
171 217
171 64
171 189
171 119
171 150
171 107
172 0
172 313
172 231
172 203
172 268
172 59
172 298
172 223
172 128
172 159
172 40
172 325
172 56
172 113
172 342
172 232
172 331
172 277
172 141
172 239
172 238
172 252
172 211
172 98
172 29
172 271
172 118
172 261
172 199
172 72
172 103
172 82
172 265
172 13
172 212
172 308
172 329
172 26
172 332
172 16
172 304
173 0
173 649
173 348
173 427
173 464
173 414
173 549
173 202
173 166
173 34
173 80
173 163
174 0
174 19
174 112
174 293
175 0
175 263
175 296
175 227
175 177
175 143
175 23
175 102
175 68
175 225
175 277
175 19
175 86
175 99
175 321
175 278
175 46
176 0
176 188
176 122
176 119
176 148
176 85
176 271
176 25
176 26
176 170
176 239
176 290
176 128
176 9
177 0
177 68
177 86
177 143
177 46
177 99
177 227
177 225
177 131
177 175
177 278
178 329
178 272
178 186
178 206
178 231
178 303
178 322
178 345
178 30
178 88
178 213
178 38
179 0
179 90
179 145
180 0
180 299
180 302
180 249
180 92
180 346
180 53
180 101
180 94
180 5
180 254
180 204
180 266
180 196
180 194
180 242
180 24
180 187
180 48
180 80
181 306
181 218
181 4
181 273
181 78
181 328
181 195
181 275
181 152
182 253
182 97
183 0
183 133
184 108
184 272
184 251
184 197
184 309
184 284
184 127
184 320
184 57
184 36
184 281
184 346
184 139
184 135
184 21
184 329
184 159
185 0
185 271
185 169
185 344
185 290
185 55
185 315
185 274
185 103
185 322
185 119
185 22
185 280
185 25
185 297
185 200
185 56
185 285
185 9
185 67
185 79
185 148
185 188
185 170
185 272
185 26
186 0
186 25
186 88
186 271
186 331
186 122
186 223
186 113
186 272
186 98
186 325
186 303
186 252
186 123
186 341
186 109
186 55
186 199
186 178
186 345
186 9
186 59
186 203
186 45
186 62
186 285
186 67
186 200
186 170
186 21
186 236
186 128
186 221
186 239
186 322
186 188
186 323
186 104
186 142
186 213
186 222
186 277
186 56
186 26
187 0
187 266
187 299
187 242
187 5
187 180
187 249
187 194
187 80
187 94
187 254
187 346
187 92
187 101
187 302
187 24
188 0
188 208
188 13
188 186
188 85
188 156
188 223
188 280
188 122
188 79
188 334
188 185
188 341
188 200
188 322
188 258
188 272
188 176
188 271
188 297
188 113
188 3
188 224
188 142
188 274
188 252
188 133
188 119
188 285
188 104
188 304
188 315
188 170
188 323
188 25
188 165
188 56
188 67
188 291
188 239
188 30
188 26
188 342
188 9
188 277
188 21
188 75
188 290
189 0
189 171
189 119
189 150
189 64
189 100
189 217
190 0
190 229
190 96
190 23
191 53
191 130
192 0
192 115
192 52
192 205
192 49
193 0
193 61
193 8
193 91
193 259
194 0
194 53
194 302
194 299
194 1
194 187
194 24
194 94
194 92
194 254
194 249
194 204
194 180
194 101
194 346
194 266
194 80
194 196
194 242
195 328
195 78
195 273
195 218
195 275
195 4
195 306
195 181
196 0
196 285
196 180
196 254
196 204
196 53
196 194
196 346
196 92
196 266
196 330
196 67
196 249
197 0
197 135
197 184
197 159
197 281
197 309
197 329
197 21
197 284
197 108
197 36
197 272
197 320
197 251
197 127
197 139
198 348
198 0
198 501
198 564
198 364
198 351
198 476
198 393
198 549
198 441
198 399
198 166
199 0
199 313
199 26
199 200
199 72
199 13
199 271
199 342
199 141
199 211
199 161
199 232
199 48
199 62
199 223
199 288
199 322
199 231
199 324
199 298
199 314
199 252
199 67
199 304
199 222
199 265
199 118
199 212
199 261
199 119
199 98
199 203
199 315
199 238
199 325
199 239
199 172
199 56
199 128
199 113
199 134
199 291
199 186
199 9
199 40
199 82
199 25
200 0
200 142
200 45
200 252
200 62
200 72
200 223
200 40
200 332
200 119
200 10
200 186
200 185
200 322
200 21
200 103
200 236
200 203
200 248
200 274
200 232
200 334
200 118
200 79
200 239
200 324
200 104
200 165
200 325
200 224
200 31
200 25
200 297
200 56
200 304
200 98
200 123
200 109
200 277
200 188
200 122
200 39
200 30
200 170
200 323
200 3
200 75
200 67
200 199
200 55
200 9
200 113
200 276
200 271
200 285
200 26
200 280
201 259
201 8
201 91
202 0
202 173
202 329
202 166
203 0
203 270
203 338
203 341
203 98
203 40
203 271
203 122
203 277
203 55
203 199
203 324
203 48
203 304
203 128
203 322
203 113
203 134
203 223
203 142
203 172
203 26
203 104
203 119
203 315
203 109
203 239
203 238
203 29
203 50
203 272
203 265
203 334
203 342
203 332
203 25
203 21
203 59
203 161
203 313
203 65
203 211
203 297
203 67
203 82
203 200
203 331
203 9
203 170
203 186
203 268
203 308
203 56
203 325
203 261
203 285
203 118
204 0
204 180
204 194
204 302
204 330
204 277
204 101
204 254
204 346
204 80
204 242
204 329
204 57
204 266
204 249
204 53
204 92
204 130
204 94
204 5
204 196
204 213
205 192
206 0
206 121
206 260
206 178
207 0
207 56
207 322
208 0
208 119
208 332
208 285
208 277
208 291
208 188
209 0
210 0
211 0
211 172
211 315
211 268
211 265
211 199
211 325
211 98
211 82
211 331
211 203
211 56
211 272
211 128
211 13
211 222
211 103
211 342
211 285
211 29
211 118
211 238
211 261
211 239
211 223
211 59
211 304
211 313
211 271
211 170
212 0
212 298
212 21
212 271
212 104
212 26
212 72
212 56
212 295
212 199
212 252
212 40
212 232
212 172
212 239
212 344
212 304
212 67
213 0
213 56
213 308
213 291
213 236
213 67
213 5
213 231
213 7
213 239
213 303
213 178
213 130
213 80
213 340
213 136
213 242
213 285
213 224
213 186
213 57
213 87
213 246
213 345
213 272
213 96
213 53
213 315
213 128
213 122
213 161
213 40
213 324
213 332
213 277
213 30
213 322
213 204
213 249
214 0
214 19
214 140
214 343
214 312
214 111
214 230
214 289
214 17
214 333
214 115
214 326
214 14
214 41
214 137
214 116
214 20
215 0
216 0
216 243
217 189
217 100
217 150
217 324
217 171
217 64
217 119
218 0
218 306
218 4
218 195
218 275
218 273
218 181
218 328
218 78
219 0
219 154
219 6
219 147
219 89
219 319
220 0
220 262
220 312
220 115
221 25
221 186
221 45
221 56
221 303
221 322
221 285
222 0
222 211
222 186
222 240
222 82
222 325
222 238
222 56
222 313
222 199
222 118
223 0
223 62
223 170
223 203
223 186
223 172
223 271
223 199
223 342
223 200
223 98
223 315
223 246
223 239
223 261
223 67
223 188
223 13
223 265
223 128
223 56
223 21
223 252
223 313
223 26
223 325
223 211
224 0
224 261
224 84
224 141
224 232
224 200
224 122
224 291
224 332
224 67
224 213
224 9
224 276
224 148
224 322
224 25
224 133
224 271
224 26
224 236
224 96
224 30
224 315
224 188
224 304
224 324
224 62
224 40
225 0
225 131
225 68
225 143
225 278
225 175
225 177
225 99
225 227
225 86
226 333
226 115
226 149
226 144
226 20
226 326
226 116
226 14
226 41
226 312
226 28
226 2
226 343
227 0
227 131
227 175
227 19
227 99
227 278
227 263
227 225
227 143
227 296
227 102
227 86
227 23
227 68
227 177
228 3
228 283
229 0
229 119
229 148
229 190
229 109
229 334
230 214
230 41
230 97
230 253
230 71
230 307
230 23
230 70
231 25
231 199
231 239
231 56
231 329
231 291
231 77
231 280
231 82
231 29
231 213
231 332
231 106
231 40
231 172
231 232
231 9
231 178
231 315
231 117
232 271
232 291
232 122
232 322
232 172
232 72
232 239
232 25
232 26
232 199
232 280
232 133
232 276
232 9
232 224
232 21
232 158
232 231
232 298
232 40
232 212
232 56
232 200
232 285
233 0
233 256
234 239
235 0
235 156
235 122
235 21
235 5
236 0
236 30
236 84
236 248
236 318
236 200
236 133
236 25
236 26
236 1
236 67
236 252
236 186
236 142
236 169
236 297
236 105
236 62
236 88
236 271
236 69
236 280
236 121
236 257
236 13
236 303
236 272
236 304
236 122
236 224
236 276
236 213
236 21
236 322
236 315
236 141
236 314
237 0
237 83
237 25
237 23
237 84
237 51
237 31
238 0
238 118
238 98
238 252
238 325
238 313
238 106
238 172
238 271
238 324
238 13
238 261
238 134
238 199
238 59
238 211
238 203
238 82
238 56
238 222
238 342
238 239
238 265
239 0
239 142
239 265
239 40
239 186
239 98
239 104
239 303
239 285
239 231
239 304
239 118
239 271
239 72
239 272
239 280
239 59
239 188
239 113
239 213
239 170
239 176
239 344
239 199
239 13
239 200
239 338
239 277
239 56
239 60
239 66
239 123
239 172
239 62
239 238
239 141
239 223
239 252
239 211
239 21
239 276
239 212
239 234
239 323
239 325
239 203
239 232
239 322
239 122
239 26
239 313
239 119
239 109
239 67
239 169
239 295
239 55
239 261
239 25
240 0
240 222
240 23
241 49
242 0
242 92
242 88
242 187
242 302
242 213
242 94
242 346
242 330
242 322
242 299
242 132
242 254
242 24
242 101
242 80
242 158
242 180
242 204
242 266
242 53
242 249
242 194
242 57
243 137
243 310
243 337
243 167
243 216
243 41
243 312
244 0
244 282
245 0
245 23
245 91
245 259
245 8
246 0
246 25
246 285
246 87
246 136
246 304
246 340
246 308
246 322
246 213
246 223
246 315
246 339
246 7
247 0
247 120
247 29
248 0
248 134
248 291
248 236
248 265
248 128
248 158
248 122
248 311
248 119
248 200
248 21
248 252
248 67
248 53
248 26
248 169
248 38
248 323
248 277
248 332
249 0
249 53
249 163
249 204
249 80
249 92
249 196
249 242
249 330
249 94
249 299
249 101
249 346
249 304
249 194
249 266
249 254
249 315
249 187
249 24
249 302
249 180
249 213
249 57
250 0
250 170
250 322
250 252
250 59
251 0
251 184
251 127
251 139
251 309
251 122
251 320
251 197
251 21
251 135
251 281
251 108
251 36
251 284
252 0
252 170
252 118
252 342
252 239
252 188
252 313
252 238
252 334
252 304
252 161
252 297
252 55
252 277
252 280
252 324
252 261
252 212
252 21
252 9
252 250
252 345
252 172
252 169
252 271
252 67
252 142
252 98
252 119
252 104
252 59
252 56
252 223
252 285
252 31
252 72
252 272
252 128
252 66
252 308
252 26
252 79
252 332
252 291
252 248
252 338
252 236
252 109
252 134
252 113
252 29
252 200
252 13
252 65
252 103
252 325
252 123
252 322
252 82
252 265
252 25
252 186
252 315
252 199
252 122
253 0
253 230
253 182
254 0
254 180
254 266
254 92
254 196
254 242
254 94
254 299
254 249
254 53
254 346
254 204
254 330
254 101
254 187
254 302
254 194
255 0
255 49
256 0
256 233
257 0
257 105
257 304
257 141
257 322
257 130
257 258
257 40
257 39
257 295
257 272
257 344
257 25
257 280
257 315
257 236
257 169
257 26
258 0
258 291
258 98
258 156
258 75
258 323
258 272
258 85
258 40
258 295
258 161
258 188
258 141
258 9
258 257
259 0
259 264
259 91
259 245
259 193
259 110
259 201
259 8
260 170
260 339
260 322
260 206
260 53
260 126
260 160
261 0
261 56
261 172
261 55
261 318
261 199
261 252
261 62
261 342
261 59
261 285
261 119
261 265
261 13
261 63
261 16
261 271
261 325
261 113
261 268
261 65
261 223
261 123
261 313
261 297
261 314
261 211
261 122
261 118
261 345
261 98
261 239
261 203
261 67
261 82
261 238
261 224
261 148
262 0
262 312
262 115
262 220
263 68
263 227
263 99
263 296
263 102
263 175
264 0
264 110
264 259
264 8
264 91
265 0
265 313
265 26
265 40
265 98
265 56
265 203
265 199
265 128
265 311
265 67
265 331
265 239
265 223
265 325
265 238
265 298
265 342
265 84
265 118
265 172
265 261
265 211
265 248
265 13
265 271
265 252
266 0
266 94
266 346
266 180
266 92
266 24
266 187
266 194
266 204
266 254
266 101
266 80
266 242
266 196
266 53
266 302
266 330
266 249
267 0
267 23
268 0
268 172
268 261
268 170
268 211
268 271
268 59
268 203
268 82
268 325
268 118
269 0
269 100
269 329
269 81
269 119
269 58
270 0
270 25
270 203
270 76
271 0
271 56
271 314
271 63
271 104
271 298
271 118
271 67
271 98
271 200
271 85
271 186
271 161
271 313
271 72
271 122
271 280
271 268
271 212
271 238
271 109
271 82
271 342
271 48
271 323
271 318
271 223
271 103
271 291
271 169
271 148
271 224
271 290
271 26
271 13
271 113
271 315
271 9
271 265
271 325
271 272
271 128
271 59
271 297
271 211
271 261
271 239
271 285
271 40
271 176
271 304
271 252
271 188
271 30
271 232
271 203
271 133
271 79
271 21
271 172
271 332
271 25
271 276
271 322
271 277
271 141
271 142
271 331
271 119
271 170
271 236
271 185
271 199
272 85
272 67
272 56
272 252
272 105
272 257
272 79
272 141
272 197
272 178
272 291
272 329
272 280
272 188
272 184
272 72
272 320
272 122
272 127
272 239
272 98
272 186
272 159
272 203
272 346
272 21
272 108
272 304
272 9
272 211
272 236
272 285
272 297
272 185
272 271
272 277
272 213
272 40
272 281
272 75
272 148
272 156
272 258
272 25
273 4
273 195
273 306
273 275
273 218
273 181
273 78
273 328
274 0
274 185
274 200
274 170
274 85
274 3
274 323
274 96
274 122
274 40
274 75
274 21
274 341
274 188
275 306
275 328
275 152
275 4
275 181
275 78
275 195
275 218
275 273
276 0
276 84
276 322
276 141
276 224
276 56
276 239
276 62
276 232
276 133
276 200
276 271
276 236
276 9
276 98
276 122
276 25
276 26
277 0
277 204
277 130
277 203
277 134
277 21
277 40
277 56
277 13
277 169
277 104
277 122
277 322
277 118
277 168
277 323
277 31
277 290
277 342
277 172
277 248
277 9
277 113
277 142
277 239
277 109
277 119
277 311
277 132
277 315
277 200
277 10
277 294
277 304
277 50
277 25
277 280
277 285
277 272
277 22
277 67
277 252
277 208
277 339
277 271
277 39
277 161
277 308
277 324
277 186
277 105
277 175
277 57
277 332
277 325
277 55
277 120
277 170
277 98
277 159
277 213
277 26
277 291
277 334
277 188
278 0
278 227
278 143
278 177
278 99
278 131
278 175
278 46
278 225
278 86
279 0
279 111
280 0
280 297
280 323
280 200
280 40
280 39
280 185
280 133
280 232
280 31
280 329
280 117
280 119
280 9
280 153
280 3
280 322
280 277
280 169
280 21
280 257
280 272
280 1
280 236
280 98
280 188
280 121
280 332
280 231
280 304
280 290
280 252
280 105
280 122
280 315
280 142
280 239
280 291
280 67
280 26
280 141
280 25
280 271
281 0
281 122
281 135
281 309
281 184
281 139
281 36
281 127
281 197
281 272
281 21
281 320
281 284
281 108
281 251
281 159
282 0
282 244
283 118
283 25
283 228
283 3
284 127
284 309
284 122
284 139
284 320
284 329
284 135
284 251
284 281
284 197
284 36
284 21
284 159
284 184
284 108
285 0
285 188
285 332
285 322
285 203
285 252
285 239
285 26
285 25
285 113
285 272
285 67
285 232
285 345
285 142
285 98
285 10
285 109
285 261
285 342
285 56
285 211
285 122
285 103
285 146
285 246
285 136
285 200
285 271
285 213
285 170
285 323
285 208
285 315
285 313
285 164
285 117
285 277
285 303
285 185
285 196
285 221
285 304
285 9
285 186
285 60
285 119
286 0
286 81
288 0
288 199
288 25
288 315
289 0
289 19
289 214
289 137
290 0
290 67
290 271
290 277
290 185
290 188
290 342
290 280
290 322
290 56
290 323
290 176
290 170
290 25
291 0
291 339
291 271
291 329
291 9
291 277
291 168
291 231
291 113
291 26
291 10
291 280
291 25
291 224
291 332
291 72
291 213
291 272
291 188
291 31
291 258
291 7
291 169
291 158
291 87
291 252
291 232
291 199
291 129
291 56
291 60
291 315
291 248
291 141
291 208
291 98
292 0
293 0
293 174
293 19
294 0
294 77
294 277
295 0
295 257
295 258
295 156
295 109
295 9
295 26
295 212
295 104
295 239
296 68
296 227
296 263
296 175
296 99
296 102
297 0
297 25
297 271
297 109
297 236
297 122
297 272
297 119
297 261
297 324
297 142
297 56
297 252
297 65
297 200
297 323
297 9
297 203
297 280
297 322
297 188
297 67
297 21
297 185
297 26
298 0
298 199
298 232
298 212
298 26
298 172
298 72
298 56
298 271
298 265
298 40
299 0
299 1
299 300
299 302
299 80
299 73
299 53
299 242
299 330
299 101
299 254
299 249
299 92
299 180
299 187
299 94
299 24
299 346
299 48
299 194
300 320
300 80
300 299
300 346
300 130
300 94
301 0
301 47
301 324
302 48
302 299
302 180
302 101
302 92
302 187
302 204
302 242
302 53
302 346
302 249
302 315
302 330
302 24
302 194
302 94
302 254
302 57
302 266
303 0
303 67
303 213
303 239
303 186
303 88
303 30
303 178
303 142
303 56
303 345
303 122
303 285
303 132
303 221
303 322
303 109
303 236
303 45
303 315
303 104
304 0
304 13
304 31
304 246
304 285
304 315
304 341
304 118
304 236
304 136
304 188
304 84
304 69
304 141
304 347
304 199
304 40
304 200
304 134
304 7
304 277
304 211
304 252
304 66
304 9
304 168
304 332
304 113
304 26
304 280
304 30
304 249
304 325
304 158
304 322
304 21
304 324
304 308
304 172
304 170
304 161
304 212
304 224
304 203
304 109
304 257
304 98
304 334
304 272
304 75
304 122
304 56
304 67
304 239
304 271
305 312
306 4
306 181
306 195
306 328
306 218
306 273
306 78
306 275
307 40
307 230
307 71
308 0
308 66
308 322
308 252
308 161
308 67
308 304
308 329
308 203
308 334
308 136
308 213
308 22
308 26
308 87
308 323
308 7
308 338
308 246
308 21
308 172
308 142
308 31
308 277
309 0
309 284
309 36
309 251
309 197
309 184
309 127
309 281
309 320
309 135
310 0
310 28
310 14
310 243
310 337
310 93
310 41
310 167
310 151
310 111
310 137
310 17
310 32
311 0
311 248
311 344
311 132
311 277
311 325
311 265
312 0
312 28
312 243
312 149
312 326
312 262
312 111
312 14
312 305
312 220
312 44
312 17
312 115
312 137
312 343
312 214
312 20
312 162
312 140
312 19
312 151
312 41
312 2
312 116
312 226
312 144
313 0
313 119
313 238
313 67
313 128
313 339
313 84
313 223
313 63
313 265
313 21
313 54
313 203
313 172
313 222
313 26
313 199
313 239
313 315
313 60
313 98
313 261
313 170
313 342
313 118
313 271
313 252
313 146
313 285
313 56
313 325
313 13
313 211
313 113
313 314
313 39
313 82
314 0
314 109
314 261
314 271
314 161
314 313
314 236
314 96
314 50
314 82
314 342
314 199
314 65
315 0
315 1
315 142
315 224
315 304
315 7
315 40
315 188
315 21
315 199
315 94
315 53
315 252
315 122
315 169
315 5
315 87
315 277
315 67
315 231
315 271
315 339
315 170
315 236
315 288
315 9
315 285
315 136
315 246
315 185
315 132
315 211
315 257
315 345
315 303
315 80
315 213
315 249
315 158
315 291
315 133
315 313
315 203
315 322
315 323
315 98
315 128
315 26
315 121
315 280
315 324
315 329
315 302
315 56
315 223
315 105
316 0
316 5
317 0
317 40
317 146
317 53
317 101
317 132
317 158
318 0
318 271
318 82
318 104
318 334
318 62
318 169
318 236
318 123
318 261
318 119
319 0
319 327
319 95
319 19
319 219
319 6
319 147
319 89
320 80
320 197
320 284
320 281
320 309
320 346
320 139
320 251
320 329
320 57
320 94
320 36
320 159
320 135
320 272
320 108
320 300
320 184
320 127
320 48
321 0
321 143
321 175
322 0
322 271
322 224
322 67
322 221
322 200
322 133
322 7
322 169
322 236
322 297
322 342
322 213
322 303
322 185
322 341
322 40
322 304
322 207
322 285
322 87
322 126
322 38
322 277
322 142
322 239
322 232
322 280
322 188
322 199
322 260
322 315
322 186
322 26
322 109
322 178
322 170
322 345
322 30
322 252
322 339
322 250
322 104
322 329
322 242
322 53
322 122
322 25
322 290
322 48
322 203
322 45
322 136
322 56
322 60
322 1
322 130
322 161
322 85
322 323
322 128
322 118
322 246
322 62
322 88
322 308
322 21
322 9
322 276
322 158
322 257
322 75
323 0
323 26
323 188
323 67
323 100
323 248
323 308
323 274
323 25
323 186
323 109
323 75
323 21
323 10
323 200
323 315
323 142
323 85
323 141
323 62
323 96
323 119
323 122
323 103
323 3
323 341
323 285
323 332
323 258
323 322
323 56
323 290
323 280
323 271
323 170
323 9
323 239
323 277
323 297
324 0
324 329
324 217
324 118
324 109
324 136
324 22
324 332
324 301
324 150
324 119
324 213
324 199
324 252
324 238
324 331
324 304
324 315
324 277
324 200
324 297
324 340
324 203
324 27
324 224
324 67
325 0
325 118
325 313
325 271
325 311
325 203
325 82
325 261
325 238
325 113
325 67
325 25
325 109
325 104
325 21
325 161
325 98
325 252
325 222
325 13
325 186
325 265
325 172
325 59
325 26
325 239
325 211
325 200
325 304
325 268
325 223
325 122
325 40
325 199
325 158
325 277
325 56
325 119
325 342
326 0
326 20
326 14
326 140
326 111
326 137
326 144
326 115
326 2
326 312
326 41
326 226
326 162
326 116
326 28
326 214
326 343
326 149
326 17
327 0
327 319
327 89
327 95
328 0
328 273
328 181
328 195
328 78
328 218
328 4
328 275
328 306
329 72
329 40
329 284
329 172
329 231
329 291
329 269
329 119
329 272
329 184
329 150
329 332
329 197
329 106
329 16
329 27
329 308
329 130
329 322
329 9
329 320
329 178
329 280
329 202
329 54
329 315
329 324
329 30
329 204
330 0
330 101
330 254
330 346
330 302
330 48
330 196
330 53
330 299
330 92
330 266
330 204
330 249
330 242
330 94
330 80
331 0
331 25
331 82
331 73
331 50
331 332
331 172
331 265
331 119
331 186
331 30
331 211
331 16
331 203
331 271
331 118
331 98
331 56
331 324
331 109
332 0
332 213
332 170
332 280
332 285
332 21
332 106
332 304
332 53
332 277
332 142
332 40
332 224
332 77
332 323
332 26
332 172
332 48
332 56
332 13
332 104
332 98
332 38
332 25
332 329
332 248
332 67
332 158
332 331
332 203
332 324
332 208
332 291
332 200
332 16
332 252
332 122
332 119
332 231
332 109
332 10
332 169
332 271
333 0
333 162
333 20
333 214
333 226
333 343
333 149
333 2
334 0
334 66
334 200
334 252
334 26
334 113
334 21
334 339
334 132
334 165
334 277
334 304
334 9
334 169
334 188
334 203
334 308
334 50
334 67
334 40
334 142
334 170
334 229
334 128
334 56
334 123
334 318
334 134
336 0
336 88
336 25
337 0
337 310
337 243
337 167
337 137
337 93
337 32
337 41
337 111
338 0
338 239
338 29
338 308
338 31
338 252
338 203
339 0
339 158
339 119
339 168
339 38
339 136
339 340
339 161
339 129
339 87
339 148
339 334
339 31
339 313
339 22
339 277
339 246
339 152
339 260
339 322
339 65
339 315
339 291
339 146
339 7
339 347
339 103
340 0
340 246
340 324
340 339
340 7
340 213
341 0
341 323
341 170
341 62
341 203
341 304
341 188
341 274
341 56
341 322
341 9
341 186
342 0
342 285
342 123
342 9
342 325
342 122
342 223
342 252
342 59
342 67
342 119
342 13
342 56
342 98
342 211
342 63
342 172
342 21
342 118
342 165
342 261
342 314
342 277
342 170
342 265
342 313
342 290
342 203
342 113
342 271
342 188
342 199
342 322
342 238
343 0
343 144
343 20
343 162
343 14
343 214
343 312
343 226
343 326
343 333
343 41
343 116
343 19
343 111
343 44
343 2
343 149
343 115
344 0
344 122
344 311
344 67
344 212
344 185
344 104
344 257
344 239
345 0
345 213
345 178
345 322
345 142
345 45
345 315
345 261
345 252
345 303
345 21
345 186
345 285
345 67
345 159
345 122
346 187
346 1
346 184
346 194
346 204
346 320
346 196
346 101
346 127
346 272
346 300
346 130
346 53
346 92
346 24
346 249
346 302
346 242
346 80
346 57
346 180
346 330
346 254
346 299
346 94
346 266
347 0
347 339
347 22
347 7
347 304
347 168
347 129
348 365
348 498
348 411
348 468
348 358
348 447
348 393
348 399
348 564
348 364
348 441
348 351
348 454
348 501
348 198
348 549
348 444
348 425
348 562
348 383
348 382
348 350
348 418
348 471
348 479
348 430
348 546
348 429
348 503
348 357
348 457
348 448
348 385
348 377
348 541
348 572
348 379
348 368
348 545
348 404
348 407
348 413
348 474
348 467
348 507
348 416
348 410
348 527
348 406
348 490
348 403
348 523
348 472
348 359
348 557
348 453
348 530
348 543
348 486
348 459
348 488
348 531
348 505
348 460
348 548
348 455
348 440
348 435
348 369
348 349
348 555
348 539
348 360
348 510
348 456
348 521
348 511
348 499
348 518
348 433
348 495
348 409
348 569
348 482
348 380
348 371
348 367
348 470
348 381
348 512
348 437
348 551
348 397
348 534
348 402
348 487
348 424
348 476
348 421
348 522
348 417
348 390
348 355
348 352
348 570
348 462
348 535
348 519
348 372
348 466
348 426
348 481
348 362
348 491
348 516
348 485
348 392
348 451
348 494
348 529
348 532
348 560
348 547
348 473
348 354
348 537
348 445
348 478
348 504
348 477
348 493
348 375
348 432
348 497
348 508
348 415
348 565
348 571
348 528
348 361
348 502
348 442
348 469
348 356
348 568
348 540
348 533
348 458
348 520
348 396
348 554
348 405
348 419
348 398
348 489
348 509
348 446
348 439
348 536
348 449
348 387
348 525
348 408
348 452
348 450
348 463
348 388
348 544
348 561
348 506
348 391
348 515
348 173
348 422
348 370
348 559
348 500
348 492
348 431
348 514
348 374
348 553
348 461
348 107
348 496
348 373
348 395
348 558
348 542
348 436
348 513
348 524
348 427
348 412
348 434
348 438
348 465
348 366
348 563
348 363
348 484
348 420
348 414
348 475
348 538
348 353
348 483
348 526
348 1025
348 517
348 428
348 566
348 389
348 376
348 480
348 567
348 400
348 34
348 556
348 378
348 423
348 394
349 348
349 508
349 478
349 434
349 534
350 348
350 484
350 397
350 528
350 504
350 426
350 455
350 433
350 407
350 563
350 419
350 561
350 552
350 384
350 519
350 543
350 546
350 531
350 527
350 497
350 369
351 348
351 364
351 454
351 198
351 564
352 348
352 479
352 493
352 494
352 484
352 431
352 525
352 492
352 542
352 398
352 368
352 536
352 517
352 456
352 375
352 538
352 412
352 462
352 503
352 394
352 408
352 409
352 404
353 542
353 524
353 561
353 500
353 537
353 514
353 492
353 446
353 417
353 497
353 462
353 540
353 515
353 544
353 419
353 496
353 400
353 370
353 408
353 487
353 513
353 559
353 460
353 431
353 482
353 567
353 471
353 560
353 493
353 503
353 430
353 432
353 394
353 409
353 391
353 373
353 404
353 412
353 388
353 520
353 517
353 606
353 1679
353 1425
353 1313
353 1606
353 1543
353 1427
353 363
353 1878
353 1882
353 976
353 428
353 538
353 484
353 1075
353 1320
353 1616
353 483
353 366
353 1374
353 601
353 1844
353 930
353 1358
353 1881
353 1475
353 1574
353 348
353 1514
353 1677
353 1012
353 1512
353 637
353 1397
353 1529
353 1692
353 1673
353 566
353 651
353 1237
353 420
353 1694
353 1487
353 1114
353 1080
353 1645
353 1740
353 936
353 641
353 475
353 526
353 1855
353 1744
353 1155
353 376
353 1778
353 1790
353 1349
353 1122
353 580
354 348
354 397
354 497
354 474
354 519
354 547
354 382
354 458
354 463
354 557
354 359
354 355
354 376
354 500
354 507
354 510
354 489
354 361
354 403
354 452
354 531
354 396
354 481
354 450
354 470
354 555
355 348
355 489
355 475
355 519
355 396
355 510
355 418
355 460
355 557
355 376
355 548
355 402
355 497
355 565
355 455
355 397
355 382
355 546
355 361
355 555
355 354
355 410
355 403
355 463
355 412
355 359
355 543
355 547
355 470
355 367
355 481
355 553
355 531
355 515
355 500
355 528
355 474
355 452
355 373
356 348
356 472
356 411
357 348
357 477
357 554
357 516
357 469
357 419
357 369
357 457
357 518
357 389
357 505
357 486
357 397
357 551
357 424
357 459
357 509
357 563
358 348
359 348
359 491
359 396
359 422
359 355
359 547
359 455
359 531
359 376
359 361
359 557
359 475
359 546
359 403
359 405
359 391
359 489
359 367
359 470
359 452
359 481
359 562
359 474
359 555
359 354
359 530
360 348
360 428
360 561
360 567
360 543
360 506
360 514
360 524
360 442
360 422
360 388
360 417
360 565
360 495
360 463
360 544
360 558
360 373
360 507
360 513
360 415
360 460
360 395
360 555
360 438
360 387
360 542
360 510
360 520
360 362
360 432
360 570
360 497
360 376
360 553
360 365
360 523
360 444
360 548
360 412
360 370
360 461
360 402
361 348
361 470
361 531
361 555
361 354
361 562
361 500
361 405
361 530
361 376
361 450
361 475
361 396
361 519
361 547
361 474
361 355
361 481
361 568
361 489
361 463
361 359
361 557
362 348
362 463
362 535
362 560
362 460
362 570
362 542
362 371
362 413
362 495
362 558
362 473
362 412
362 445
362 373
362 492
362 415
362 360
362 482
363 591
363 107
363 656
363 669
363 482
363 553
363 565
363 542
363 525
363 417
363 374
363 373
363 402
363 521
363 544
363 385
363 481
363 444
363 388
363 455
363 524
363 561
363 367
363 559
363 514
363 370
363 500
363 487
363 461
363 493
363 507
363 527
363 378
363 436
363 492
363 432
363 409
363 463
363 368
363 419
363 506
363 515
363 412
363 497
363 1740
363 484
363 1358
363 1080
363 1744
363 1574
363 1427
363 1332
363 1318
363 976
363 1514
363 1529
363 1113
363 566
363 1155
363 483
363 1506
363 1349
363 376
363 1536
363 517
363 1512
363 348
363 1677
363 1844
363 1122
363 475
363 1545
363 1179
363 1237
363 580
363 1425
363 1692
363 606
363 1671
363 1606
363 353
363 538
363 414
363 651
363 1320
363 526
363 1645
363 936
363 637
363 366
363 1767
363 1673
363 1400
363 1616
363 1790
363 1374
364 348
364 351
364 393
364 564
364 399
364 476
364 501
364 198
364 441
365 348
365 408
365 360
365 556
365 513
365 520
366 107
366 520
366 539
366 555
366 542
366 394
366 493
366 368
366 497
366 438
366 378
366 492
366 373
366 430
366 404
366 434
366 503
366 400
366 482
366 417
366 436
366 412
366 553
366 374
366 391
366 402
366 446
366 460
366 395
366 524
366 431
366 559
366 515
366 513
366 408
366 544
366 548
366 496
366 514
366 1012
366 936
366 1397
366 1844
366 1113
366 1574
366 1740
366 1155
366 1313
366 526
366 651
366 1374
366 475
366 517
366 1080
366 1427
366 348
366 363
366 1692
366 1694
366 1645
366 376
366 1237
366 1790
366 484
366 1549
366 580
366 1142
366 1400
366 1882
366 538
366 1767
366 1616
366 353
366 566
366 483
366 930
366 1673
366 976
366 1408
366 1349
366 1631
366 606
366 1179
366 637
366 1446
366 1490
366 1658
366 1512
366 1122
366 1320
366 1878
366 1801
366 428
366 1001
366 1300
366 1358
366 1514
367 348
367 504
367 376
367 546
367 355
367 359
367 566
367 490
367 452
367 403
367 396
367 555
367 489
367 525
367 455
367 548
367 553
367 373
367 422
367 491
367 481
367 412
367 475
367 363
367 483
367 519
367 378
367 502
367 391
367 547
367 474
367 416
368 348
368 398
368 371
368 500
368 378
368 404
368 352
368 462
368 395
368 526
368 431
368 412
368 416
368 503
368 538
368 536
368 366
368 374
368 419
368 527
368 493
368 517
368 497
368 494
368 408
368 375
368 456
368 525
368 409
368 559
368 363
368 553
368 521
368 479
369 348
369 350
369 397
369 389
369 554
369 435
369 381
369 563
369 433
369 442
369 357
369 518
369 561
369 419
369 469
369 380
369 516
369 486
369 455
369 407
369 551
369 509
369 457
369 477
369 378
369 424
370 666
370 669
370 683
370 645
370 604
370 591
370 348
370 646
370 388
370 415
370 417
370 471
370 540
370 563
370 524
370 565
370 360
370 542
370 402
370 378
370 439
370 515
370 561
370 376
370 475
370 353
370 483
370 413
370 428
370 363
370 397
370 451
370 416
370 567
370 392
370 460
370 374
370 431
370 387
370 492
370 436
370 520
370 514
370 506
370 461
370 555
370 525
370 430
370 465
370 456
370 420
370 452
370 559
370 553
370 395
370 423
370 458
370 438
370 412
370 527
370 432
370 469
370 548
370 414
370 507
370 544
370 373
370 497
370 419
370 523
370 566
371 348
371 362
371 542
371 368
371 460
372 348
372 558
372 547
372 444
372 568
372 421
372 570
372 460
372 539
372 530
372 455
372 422
372 543
372 545
372 429
372 410
372 531
373 606
373 604
373 680
373 637
373 683
373 669
373 641
373 591
373 614
373 348
373 651
373 580
373 590
373 645
373 634
373 587
373 566
373 525
373 391
373 565
373 450
373 506
373 517
373 412
373 461
373 545
373 528
373 546
373 548
373 397
373 475
373 491
373 523
373 370
373 402
373 473
373 513
373 558
373 353
373 408
373 561
373 507
373 492
373 366
373 423
373 563
373 417
373 544
373 498
373 439
373 421
373 524
373 392
373 438
373 496
373 388
373 413
373 395
373 556
373 428
373 446
373 460
373 465
373 360
373 514
373 436
373 376
373 463
373 500
373 567
373 456
373 390
373 434
373 542
373 414
373 559
373 520
373 355
373 497
373 363
373 387
373 553
373 367
373 502
373 471
373 425
373 362
373 431
373 378
373 483
373 527
373 400
373 515
373 374
374 669
374 591
374 348
374 614
374 683
374 417
374 475
374 563
374 363
374 483
374 527
374 569
374 520
374 514
374 561
374 418
374 460
374 444
374 565
374 482
374 463
374 488
374 513
374 414
374 366
374 545
374 500
374 497
374 430
374 373
374 507
374 535
374 526
374 439
374 451
374 544
374 567
374 370
374 559
374 432
374 419
374 510
374 368
374 378
374 521
374 506
374 402
374 523
374 496
374 525
374 438
374 570
374 465
374 517
374 412
374 456
374 431
374 566
374 504
374 515
374 376
374 420
374 461
374 524
374 553
374 556
374 391
374 492
375 348
375 368
375 484
375 503
375 404
375 525
375 479
375 493
375 526
375 352
375 431
375 409
375 538
375 398
375 408
375 494
375 456
376 586
376 614
376 645
376 604
376 591
376 683
376 669
376 610
376 587
376 107
376 634
376 646
376 652
376 673
376 676
376 395
376 515
376 431
376 546
376 397
376 520
376 567
376 545
376 471
376 434
376 489
376 506
376 444
376 548
376 402
376 458
376 354
376 450
376 391
376 502
376 370
376 452
376 527
376 482
376 439
376 513
376 463
376 426
376 460
376 553
376 465
376 490
376 570
376 432
376 400
376 511
376 378
376 497
376 442
376 359
376 561
376 500
376 355
376 387
376 496
376 519
376 373
376 410
376 542
376 417
376 361
376 524
376 481
376 557
376 492
376 374
376 544
376 405
376 556
376 396
376 547
376 473
376 525
376 514
376 559
376 413
376 531
376 507
376 456
376 360
376 394
376 461
376 438
376 412
376 367
376 491
376 388
376 488
376 390
376 487
376 523
376 423
376 436
376 419
376 446
376 555
376 580
376 428
376 366
376 1897
376 1300
376 517
376 566
376 1374
376 563
376 363
376 420
376 414
376 606
376 1095
376 1767
376 1536
376 483
376 1777
376 1616
376 637
376 538
376 348
376 1487
376 651
376 353
376 1343
376 1357
376 526
376 1358
376 1179
376 475
376 1313
377 348
377 383
378 651
378 614
378 669
378 676
378 637
378 348
378 641
378 580
378 604
378 591
378 542
378 484
378 461
378 513
378 426
378 436
378 373
378 417
378 394
378 423
378 428
378 391
378 414
378 559
378 471
378 366
378 363
378 431
378 374
378 514
378 483
378 495
378 475
378 368
378 500
378 517
378 566
378 482
378 527
378 465
378 412
378 553
378 563
378 367
378 506
378 497
378 544
378 492
378 487
378 524
378 561
378 370
378 452
378 434
378 515
378 400
378 488
378 502
378 496
378 369
378 376
378 456
379 348
379 532
380 348
380 369
380 518
380 509
380 424
380 516
380 389
380 554
380 505
380 486
380 457
381 348
381 419
381 469
381 424
381 389
381 551
381 509
381 457
381 369
381 486
381 554
381 516
382 348
382 555
382 470
382 354
382 531
382 474
382 547
382 410
382 403
382 355
382 500
382 452
383 348
383 387
383 377
384 350
384 464
384 552
385 348
385 436
385 483
385 423
385 507
385 524
385 461
385 363
386 532
386 401
387 348
387 400
387 408
387 506
387 383
387 561
387 556
387 376
387 517
387 513
387 444
387 360
387 417
387 507
387 503
387 514
387 438
387 412
387 428
387 559
387 373
387 524
387 415
387 395
387 406
387 520
387 370
387 402
387 567
387 461
387 523
387 465
387 570
387 544
387 525
387 436
388 348
388 438
388 370
388 500
388 353
388 444
388 465
388 373
388 496
388 548
388 544
388 450
388 537
388 445
388 412
388 493
388 452
388 497
388 559
388 503
388 475
388 421
388 492
388 557
388 360
388 507
388 400
388 523
388 566
388 376
388 463
388 487
388 483
388 363
388 404
388 415
388 513
388 567
389 107
389 397
389 369
389 380
389 505
389 357
389 486
389 551
389 381
389 469
389 419
389 509
389 518
389 457
389 516
389 424
389 497
389 554
389 435
389 459
389 1296
389 1189
389 1545
389 1699
389 1010
389 1041
389 1348
389 1472
389 949
389 348
389 1415
389 1496
389 1770
389 1469
389 1507
389 1109
389 1037
389 1385
389 1259
389 1013
389 1681
389 1121
389 1428
389 1473
389 1745
389 1070
389 1275
389 1630
390 348
390 450
390 376
390 373
390 539
390 475
391 348
391 614
391 669
391 591
391 580
391 637
391 487
391 423
391 491
391 544
391 465
391 566
391 438
391 417
391 394
391 414
391 378
391 484
391 497
391 492
391 490
391 446
391 553
391 517
391 503
391 376
391 493
391 359
391 431
391 527
391 512
391 366
391 561
391 400
391 559
391 373
391 563
391 367
391 502
391 506
391 515
391 428
391 548
391 353
391 500
391 524
391 513
391 374
391 483
391 460
391 525
391 539
391 475
391 458
391 482
391 556
391 488
391 567
391 412
391 514
391 456
392 348
392 487
392 500
392 465
392 428
392 560
392 561
392 538
392 404
392 567
392 370
392 514
392 559
392 542
392 373
392 394
392 483
392 423
392 527
392 430
392 503
392 436
392 431
392 493
392 537
392 492
392 556
392 566
392 473
392 515
392 460
392 497
392 412
392 506
392 482
392 525
392 475
392 456
392 553
393 348
393 501
393 441
393 364
393 564
393 399
393 198
394 614
394 620
394 601
394 676
394 683
394 348
394 559
394 438
394 366
394 515
394 414
394 520
394 488
394 538
394 513
394 398
394 479
394 566
394 542
394 436
394 408
394 378
394 353
394 352
394 475
394 503
394 391
394 544
394 512
394 400
394 511
394 556
394 392
394 517
394 492
394 376
395 620
395 669
395 574
395 348
395 614
395 601
395 630
395 604
395 645
395 591
395 683
395 637
395 678
395 436
395 404
395 517
395 536
395 512
395 556
395 461
395 387
395 413
395 431
395 524
395 559
395 368
395 400
395 513
395 506
395 560
395 515
395 421
395 483
395 417
395 561
395 452
395 423
395 542
395 520
395 425
395 479
395 460
395 408
395 360
395 430
395 438
395 412
395 514
395 370
395 495
395 507
395 488
395 402
395 471
395 366
395 451
395 567
395 553
395 497
395 511
395 527
395 523
395 456
395 419
395 422
395 463
395 376
395 373
395 465
395 428
395 398
395 414
395 538
395 544
395 525
395 545
395 537
396 348
396 557
396 367
396 547
396 355
396 568
396 361
396 500
396 531
396 474
396 570
396 410
396 403
396 475
396 450
396 489
396 481
396 546
396 354
396 376
396 555
396 510
396 519
396 359
396 470
396 548
396 422
397 348
397 389
397 523
397 477
397 369
397 570
397 419
397 458
397 357
397 554
397 354
397 370
397 507
397 422
397 543
397 418
397 516
397 457
397 469
397 373
397 546
397 439
397 444
397 506
397 350
397 376
397 504
397 449
397 531
397 432
397 513
397 557
397 518
397 481
397 420
397 485
397 483
397 355
397 421
397 402
397 510
397 541
397 514
397 426
397 563
397 509
397 544
398 348
398 412
398 352
398 538
398 395
398 559
398 409
398 456
398 484
398 527
398 526
398 517
398 536
398 479
398 488
398 430
398 497
398 511
398 404
398 408
398 561
398 445
398 462
398 394
398 545
398 525
398 494
398 368
398 512
398 431
398 375
398 493
398 503
399 348
399 198
399 393
399 441
399 364
399 501
399 564
399 476
400 641
400 683
400 580
400 606
400 669
400 601
400 614
400 348
400 676
400 637
400 651
400 591
400 428
400 419
400 559
400 514
400 421
400 456
400 492
400 412
400 493
400 566
400 415
400 395
400 488
400 497
400 513
400 500
400 378
400 553
400 525
400 420
400 414
400 373
400 432
400 387
400 445
400 503
400 366
400 438
400 417
400 524
400 409
400 461
400 537
400 539
400 482
400 444
400 465
400 484
400 431
400 511
400 436
400 475
400 544
400 404
400 376
400 487
400 394
400 517
400 434
400 391
400 506
400 567
400 353
400 542
400 556
400 408
400 561
400 515
400 512
400 388
400 538
401 386
402 348
402 428
402 563
402 567
402 397
402 508
402 374
402 387
402 561
402 495
402 360
402 460
402 412
402 500
402 570
402 524
402 513
402 373
402 506
402 355
402 363
402 395
402 482
402 422
402 544
402 415
402 558
402 566
402 520
402 413
402 458
402 370
402 438
402 545
402 493
402 444
402 436
402 366
402 451
402 559
402 376
402 517
402 432
402 475
402 553
402 425
402 465
402 497
402 523
402 514
402 542
402 463
402 515
402 507
402 421
402 417
402 543
403 348
403 546
403 382
403 354
403 519
403 547
403 510
403 367
403 555
403 553
403 497
403 515
403 458
403 359
403 475
403 452
403 470
403 355
403 489
403 396
404 348
404 561
404 515
404 494
404 444
404 465
404 479
404 415
404 431
404 366
404 566
404 496
404 368
404 559
404 556
404 525
404 395
404 398
404 511
404 500
404 542
404 456
404 484
404 482
404 392
404 388
404 560
404 493
404 503
404 537
404 408
404 445
404 452
404 400
404 462
404 409
404 353
404 512
404 440
404 487
404 506
404 538
404 526
404 483
404 428
404 419
404 352
404 421
404 545
404 375
404 536
405 348
405 376
405 359
405 531
405 361
405 418
405 478
405 563
405 568
405 428
405 513
406 348
406 387
406 532
406 437
407 348
407 533
407 490
407 510
407 513
407 433
407 455
407 369
407 458
407 350
407 528
407 563
407 504
407 543
407 426
408 348
408 375
408 419
408 488
408 368
408 525
408 526
408 500
408 560
408 483
408 444
408 404
408 439
408 438
408 445
408 493
408 461
408 514
408 465
408 520
408 373
408 409
408 400
408 503
408 352
408 524
408 536
408 395
408 537
408 561
408 430
408 513
408 512
408 559
408 473
408 545
408 456
408 487
408 394
408 556
408 440
408 428
408 387
408 431
408 479
408 538
408 398
408 517
408 484
408 412
408 365
408 366
408 353
408 417
408 511
409 348
409 412
409 353
409 542
409 398
409 408
409 526
409 503
409 494
409 368
409 500
409 352
409 479
409 462
409 493
409 460
409 419
409 515
409 375
409 404
409 431
409 561
409 487
409 492
409 512
409 363
409 536
409 521
409 400
409 456
409 497
409 538
409 517
409 525
410 348
410 547
410 557
410 463
410 555
410 372
410 475
410 548
410 382
410 376
410 474
410 500
410 355
410 396
410 568
411 348
411 498
411 356
412 591
412 593
412 669
412 609
412 645
412 683
412 580
412 348
412 604
412 614
412 676
412 417
412 456
412 352
412 422
412 378
412 442
412 391
412 473
412 506
412 565
412 528
412 526
412 529
412 533
412 487
412 503
412 566
412 525
412 547
412 409
412 507
412 400
412 452
412 569
412 432
412 370
412 366
412 436
412 402
412 460
412 408
412 549
412 353
412 504
412 484
412 515
412 388
412 537
412 517
412 387
412 493
412 455
412 431
412 418
412 461
412 523
412 548
412 481
412 376
412 500
412 488
412 567
412 492
412 360
412 428
412 560
412 494
412 538
412 367
412 392
412 430
412 398
412 482
412 524
412 416
412 561
412 355
412 558
412 496
412 559
412 423
412 368
412 513
412 434
412 362
412 542
412 438
412 363
412 512
412 544
412 555
412 395
412 374
412 527
412 373
412 483
412 414
412 520
413 348
413 465
413 402
413 448
413 460
413 370
413 373
413 542
413 473
413 461
413 445
413 535
413 415
413 362
413 376
413 463
413 395
414 657
414 663
414 638
414 633
414 598
414 654
414 630
414 653
414 605
414 655
414 626
414 617
414 574
414 644
414 623
414 685
414 575
414 664
414 589
414 612
414 672
414 666
414 573
414 618
414 588
414 609
414 620
414 619
414 625
414 680
414 636
414 596
414 621
414 622
414 679
414 616
414 660
414 682
414 678
414 639
414 602
414 584
414 631
414 627
414 650
414 640
414 681
414 665
414 577
414 659
414 643
414 658
414 628
414 670
414 662
414 675
414 632
414 635
414 599
414 582
414 595
414 600
414 615
414 576
414 578
414 661
414 583
414 647
414 677
414 684
414 592
414 579
414 597
414 603
414 611
414 667
414 594
414 674
414 590
414 676
414 607
414 591
414 604
414 668
414 614
414 683
414 669
414 107
414 173
414 394
414 515
414 434
414 400
414 427
414 378
414 480
414 556
414 513
414 544
414 496
414 553
414 373
414 465
414 506
414 391
414 461
414 567
414 412
414 374
414 370
414 561
414 558
414 492
414 422
414 436
414 542
414 559
414 423
414 363
414 606
414 428
414 601
414 348
414 641
414 566
414 475
414 563
414 629
414 649
414 651
414 637
414 483
414 580
414 376
414 431
414 500
414 395
414 438
414 514
414 524
414 34
415 348
415 413
415 388
415 370
415 563
415 542
415 387
415 402
415 473
415 404
415 428
415 495
415 362
415 556
415 400
415 535
415 545
415 421
415 463
415 460
415 558
415 465
415 520
415 360
415 444
415 445
416 348
416 563
416 370
416 497
416 419
416 430
416 432
416 569
416 493
416 412
416 537
416 465
416 417
416 500
416 367
416 503
416 567
416 557
416 483
416 494
416 368
417 348
417 514
417 445
417 508
417 438
417 408
417 376
417 421
417 500
417 560
417 553
417 527
417 511
417 561
417 366
417 416
417 544
417 363
417 567
417 456
417 465
417 559
417 507
417 428
417 431
417 538
417 444
417 475
417 524
417 353
417 374
417 556
417 517
417 542
417 483
417 391
417 461
417 513
417 460
417 360
417 495
417 402
417 400
417 479
417 370
417 537
417 515
417 506
417 387
417 378
417 520
417 503
417 497
417 523
417 492
417 566
417 570
417 395
417 493
417 412
417 545
417 373
418 348
418 547
418 504
418 405
418 432
418 475
418 355
418 510
418 514
418 397
418 557
418 544
418 481
418 555
418 553
418 465
418 523
418 463
418 374
418 568
418 497
418 412
418 506
419 348
419 475
419 536
419 488
419 551
419 368
419 526
419 484
419 538
419 440
419 395
419 559
419 431
419 381
419 567
419 525
419 452
419 561
419 456
419 483
419 430
419 357
419 493
419 540
419 487
419 565
419 469
419 517
419 423
419 527
419 409
419 492
419 544
419 353
419 503
419 376
419 408
419 518
419 400
419 486
419 350
419 424
419 471
419 416
419 397
419 516
419 422
419 370
419 513
419 505
419 374
419 389
419 537
419 369
419 363
419 428
419 404
420 107
420 370
420 553
420 524
420 400
420 430
420 465
420 506
420 374
420 569
420 1692
420 563
420 483
420 566
420 376
420 484
420 1311
420 596
420 1673
420 353
420 348
420 1237
420 936
420 432
420 397
420 513
420 439
420 567
420 556
420 514
420 471
420 507
420 537
420 451
421 348
421 545
421 397
421 455
421 558
421 400
421 493
421 465
421 570
421 457
421 563
421 404
421 504
421 402
421 487
421 500
421 372
421 395
421 444
421 388
421 415
421 373
421 543
421 417
421 445
422 631
422 655
422 579
422 678
422 630
422 584
422 680
422 663
422 618
422 597
422 657
422 593
422 682
422 685
422 592
422 653
422 596
422 617
422 619
422 654
422 636
422 604
422 601
422 614
422 348
422 644
422 609
422 620
422 555
422 414
422 359
422 360
422 419
422 474
422 455
422 483
422 397
422 497
422 520
422 396
422 367
422 546
422 432
422 504
422 412
422 481
422 561
422 449
422 489
422 547
422 402
422 438
422 460
422 395
422 444
422 545
422 372
422 523
422 553
422 570
423 645
423 634
423 606
423 587
423 683
423 591
423 586
423 348
423 669
423 614
423 651
423 637
423 646
423 604
423 523
423 465
423 517
423 527
423 558
423 376
423 395
423 370
423 538
423 428
423 373
423 497
423 537
423 484
423 513
423 444
423 419
423 391
423 431
423 461
423 392
423 412
423 492
423 475
423 556
423 414
423 378
423 500
423 503
423 385
423 425
423 524
423 553
423 567
423 560
423 561
423 430
423 436
423 456
423 525
423 473
423 559
423 506
424 348
424 554
424 516
424 509
424 381
424 551
424 518
424 469
424 357
424 380
424 505
424 369
424 389
424 486
424 419
424 435
424 457
425 348
425 520
425 395
425 427
425 423
425 570
425 428
425 373
425 439
425 523
425 434
425 460
425 563
425 534
425 456
425 477
425 402
425 479
425 553
426 348
426 525
426 471
426 350
426 531
426 376
426 504
426 513
426 378
426 510
426 524
426 455
426 563
426 546
426 544
426 431
426 397
426 407
427 348
427 496
427 414
427 563
427 173
427 425
427 428
427 549
427 464
428 1912
428 683
428 591
428 614
428 667
428 676
428 107
428 604
428 669
428 594
428 609
428 479
428 523
428 423
428 515
428 473
428 408
428 360
428 431
428 549
428 387
428 452
428 436
428 438
428 392
428 417
428 400
428 513
428 507
428 404
428 512
428 524
428 425
428 465
428 373
428 492
428 506
428 561
428 514
428 412
428 402
428 545
428 482
428 378
428 419
428 460
428 511
428 34
428 461
428 432
428 463
428 525
428 544
428 430
428 508
428 497
428 370
428 520
428 500
428 434
428 395
428 405
428 456
428 570
428 542
428 567
428 415
428 558
428 391
428 427
428 444
428 553
428 559
428 451
428 348
428 1777
428 376
428 1109
428 1313
428 1179
428 1425
428 1237
428 606
428 1740
428 1549
428 962
428 1512
428 1536
428 915
428 1226
428 1446
428 366
428 1545
428 414
428 1013
428 1408
428 517
428 526
428 651
428 1300
428 1210
428 1358
428 601
428 484
428 1692
428 1574
428 353
428 475
428 1778
428 641
428 930
428 1374
428 1114
428 1320
428 563
429 348
429 466
429 455
429 372
429 522
429 539
429 504
429 531
429 529
429 481
430 348
430 484
430 451
430 503
430 537
430 469
430 366
430 561
430 370
430 439
430 559
430 432
430 526
430 483
430 525
430 563
430 566
430 456
430 465
430 398
430 471
430 419
430 353
430 416
430 423
430 392
430 541
430 420
430 553
430 514
430 374
430 569
430 408
430 497
430 428
430 493
430 395
430 412
431 683
431 651
431 669
431 614
431 348
431 606
431 482
431 497
431 511
431 513
431 436
431 559
431 507
431 428
431 440
431 414
431 471
431 376
431 373
431 538
431 475
431 366
431 472
431 353
431 374
431 434
431 426
431 419
431 465
431 456
431 479
431 483
431 438
431 412
431 395
431 514
431 525
431 408
431 375
431 537
431 500
431 503
431 417
431 398
431 561
431 487
431 536
431 370
431 512
431 404
431 556
431 409
431 352
431 563
431 391
431 515
431 506
431 484
431 462
431 493
431 492
431 517
431 392
431 566
431 400
431 423
431 368
431 432
431 527
431 545
431 378
432 348
432 363
432 545
432 430
432 514
432 422
432 555
432 513
432 471
432 506
432 475
432 482
432 557
432 541
432 452
432 428
432 521
432 397
432 559
432 553
432 507
432 546
432 400
432 412
432 525
432 374
432 460
432 571
432 370
432 566
432 431
432 439
432 420
432 353
432 360
432 418
432 455
432 561
432 569
432 416
432 563
432 451
432 504
432 376
432 444
432 483
432 497
432 570
432 456
432 544
432 402
432 438
432 510
432 527
432 465
433 348
433 350
433 455
433 504
433 510
433 563
433 369
433 407
433 528
433 533
434 604
434 591
434 580
434 348
434 534
434 515
434 517
434 458
434 412
434 366
434 523
434 506
434 373
434 436
434 478
434 566
434 492
434 428
434 497
434 349
434 376
434 425
434 496
434 456
434 475
434 559
434 400
434 563
434 414
434 378
434 488
434 490
434 431
435 348
435 459
435 551
435 555
435 369
435 389
435 563
435 424
435 518
435 497
436 606
436 591
436 683
436 635
436 634
436 580
436 348
436 669
436 651
436 604
436 673
436 652
436 646
436 637
436 402
436 563
436 561
436 492
436 484
436 431
436 559
436 527
436 394
436 496
436 542
436 488
436 517
436 556
436 483
436 392
436 363
436 513
436 525
436 414
436 434
436 465
436 373
436 438
436 461
436 478
436 385
436 428
436 511
436 507
436 423
436 523
436 387
436 376
436 366
436 370
436 497
436 412
436 400
436 553
436 506
436 475
436 378
436 395
436 566
436 524
437 348
437 463
437 453
437 532
437 499
437 462
437 572
437 498
437 406
437 467
438 634
438 604
438 669
438 596
438 591
438 676
438 348
438 651
438 614
438 683
438 606
438 645
438 446
438 456
438 500
438 444
438 521
438 556
438 473
438 475
438 402
438 496
438 514
438 432
438 431
438 524
438 503
438 395
438 553
438 563
438 495
438 520
438 559
438 414
438 360
438 525
438 507
438 436
438 376
438 492
438 561
438 493
438 408
438 417
438 523
438 511
438 488
438 394
438 388
438 400
438 452
438 483
438 460
438 548
438 373
438 546
438 370
438 506
438 428
438 513
438 391
438 387
438 366
438 566
438 412
438 374
438 422
438 465
438 461
438 517
438 497
439 348
439 507
439 376
439 514
439 506
439 444
439 425
439 477
439 570
439 542
439 525
439 520
439 451
439 374
439 370
439 544
439 475
439 473
439 432
439 456
439 442
439 420
439 567
439 487
439 538
439 461
439 408
439 561
439 471
439 465
439 397
439 430
439 563
439 458
439 445
439 527
439 500
439 566
439 523
439 517
439 513
439 373
439 553
440 348
440 408
440 484
440 479
440 456
440 431
440 493
440 496
440 419
440 404
440 525
440 449
440 538
440 508
441 348
441 393
441 399
441 476
441 564
441 198
441 364
441 501
442 348
442 439
442 360
442 563
442 475
442 523
442 544
442 376
442 412
442 369
442 460
442 531
443 453
444 348
444 507
444 531
444 415
444 500
444 483
444 374
444 432
444 503
444 517
444 473
444 520
444 388
444 404
444 422
444 439
444 495
444 417
444 449
444 523
444 445
444 408
444 460
444 475
444 400
444 397
444 402
444 387
444 372
444 506
444 544
444 438
444 556
444 570
444 487
444 545
444 421
444 559
444 488
444 504
444 376
444 538
444 360
444 428
444 513
444 423
444 363
445 348
445 439
445 400
445 556
445 492
445 413
445 404
445 493
445 560
445 460
445 465
445 408
445 417
445 535
445 415
445 542
445 444
445 421
445 520
445 398
445 463
445 495
445 473
445 388
445 362
445 500
445 487
446 348
446 438
446 366
446 391
446 515
446 353
446 517
446 373
446 492
446 475
446 376
446 491
446 482
446 539
446 483
446 490
446 487
446 548
447 348
448 348
448 460
448 413
449 348
449 422
449 563
449 504
449 397
449 444
449 440
449 480
449 543
449 507
450 348
450 547
450 463
450 376
450 539
450 548
450 475
450 519
450 481
450 354
450 557
450 396
450 474
450 388
450 489
450 452
450 373
450 390
450 500
450 497
450 361
450 531
451 348
451 513
451 420
451 402
451 569
451 567
451 493
451 370
451 503
451 439
451 395
451 563
451 430
451 432
451 465
451 561
451 428
451 544
451 556
451 374
451 507
451 514
451 471
451 553
451 506
452 348
452 506
452 544
452 465
452 531
452 555
452 519
452 450
452 404
452 354
452 412
452 546
452 428
452 521
452 370
452 359
452 566
452 510
452 419
452 497
452 388
452 463
452 378
452 438
452 376
452 355
452 470
452 513
452 432
452 507
452 403
452 557
452 553
452 489
452 367
452 382
452 559
452 460
452 500
452 547
452 475
452 395
453 348
453 443
453 498
453 468
453 437
454 348
454 564
454 351
455 348
455 372
455 561
455 497
455 500
455 553
455 563
455 539
455 529
455 557
455 429
455 546
455 522
455 363
455 367
455 568
455 531
455 422
455 541
455 528
455 355
455 466
455 359
455 504
455 421
455 565
455 506
455 433
455 407
455 350
455 432
455 426
455 510
455 569
455 543
455 412
455 369
456 348
456 512
456 511
456 497
456 484
456 373
456 462
456 460
456 430
456 392
456 370
456 432
456 563
456 409
456 567
456 352
456 412
456 525
456 479
456 566
456 431
456 493
456 503
456 440
456 537
456 391
456 473
456 506
456 400
456 404
456 378
456 417
456 419
456 494
456 374
456 376
456 513
456 527
456 559
456 496
456 561
456 428
456 398
456 465
456 538
456 524
456 553
456 520
456 408
456 439
456 495
456 395
456 517
456 545
456 438
456 523
456 434
456 368
456 423
456 375
456 425
457 348
457 397
457 369
457 459
457 509
457 357
457 516
457 505
457 389
457 381
457 469
457 486
457 518
457 421
457 554
457 551
457 563
457 380
457 424
457 477
458 348
458 545
458 439
458 402
458 507
458 515
458 475
458 497
458 470
458 397
458 489
458 510
458 370
458 555
458 514
458 482
458 496
458 434
458 376
458 553
458 403
458 469
458 354
458 391
458 490
458 407
459 348
459 551
459 518
459 457
459 357
459 389
459 563
459 516
459 486
459 435
460 348
460 360
460 353
460 524
460 508
460 465
460 507
460 495
460 445
460 567
460 444
460 391
460 523
460 461
460 497
460 559
460 371
460 417
460 376
460 482
460 542
460 535
460 366
460 395
460 570
460 506
460 558
460 566
460 415
460 544
460 475
460 492
460 456
460 432
460 373
460 422
460 520
460 372
460 425
460 428
460 473
460 370
460 517
460 448
460 515
460 442
460 543
460 409
460 553
460 413
460 412
460 547
460 514
460 545
460 479
460 355
460 438
460 521
460 452
460 402
460 392
460 463
460 374
460 362
460 560
460 563
461 653
461 645
461 683
461 590
461 348
461 606
461 591
461 669
461 413
461 507
461 548
461 360
461 436
461 513
461 408
461 517
461 553
461 460
461 561
461 370
461 385
461 412
461 438
461 506
461 544
461 463
461 417
461 373
461 465
461 524
461 483
461 542
461 395
461 363
461 525
461 523
461 497
461 475
461 567
461 559
461 520
461 378
461 527
461 387
461 428
461 414
461 471
461 376
461 423
461 374
461 400
461 439
461 492
462 348
462 536
462 525
462 494
462 431
462 368
462 532
462 409
462 456
462 437
462 517
462 353
462 493
462 352
462 538
462 512
462 404
462 487
462 398
463 348
463 555
463 418
463 355
463 507
463 531
463 452
463 519
463 500
463 475
463 402
463 360
463 362
463 354
463 395
463 473
463 560
463 547
463 489
463 388
463 483
463 517
463 445
463 361
463 410
463 570
463 413
463 460
463 481
463 373
463 461
463 450
463 437
463 374
463 535
463 428
463 363
463 376
463 504
463 415
463 524
463 542
463 557
464 427
464 384
464 173
464 552
465 604
465 669
465 676
465 348
465 601
465 591
465 614
465 580
465 683
465 526
465 567
465 535
465 428
465 544
465 431
465 500
465 495
465 483
465 374
465 387
465 558
465 400
465 566
465 460
465 487
465 507
465 432
465 423
465 452
465 559
465 461
465 506
465 418
465 438
465 391
465 456
465 414
465 420
465 395
465 415
465 538
465 471
465 493
465 388
465 430
465 525
465 373
465 408
465 436
465 484
465 503
465 473
465 413
465 378
465 537
465 370
465 556
465 475
465 376
465 421
465 402
465 517
465 439
465 445
465 513
465 569
465 511
465 524
465 404
465 451
465 557
465 542
465 570
465 392
465 561
465 515
465 417
465 416
466 348
466 504
466 455
466 522
466 529
466 531
466 539
466 481
466 429
467 348
467 532
467 437
467 572
468 348
468 453
469 348
469 505
469 553
469 389
469 430
469 518
469 357
469 563
469 381
469 397
469 419
469 458
469 540
469 554
469 497
469 424
469 486
469 457
469 551
469 369
469 370
469 516
470 348
470 547
470 458
470 355
470 359
470 452
470 403
470 562
470 361
470 507
470 555
470 531
470 382
470 354
470 396
470 519
471 348
471 373
471 553
471 461
471 566
471 426
471 569
471 515
471 395
471 431
471 567
471 420
471 559
471 561
471 353
471 376
471 524
471 513
471 430
471 451
471 514
471 465
471 507
471 563
471 432
471 475
471 378
471 370
471 537
471 419
471 439
472 348
472 533
472 567
472 356
472 431
473 348
473 483
473 479
473 515
473 445
473 539
473 560
473 561
473 392
473 438
473 439
473 525
473 423
473 535
473 376
473 503
473 362
473 415
473 444
473 495
473 428
473 373
473 460
473 413
473 556
473 408
473 527
473 456
473 463
473 412
473 465
473 542
474 348
474 382
474 475
474 500
474 481
474 489
474 355
474 359
474 557
474 361
474 547
474 422
474 531
474 410
474 367
474 354
474 548
474 450
474 546
474 396
475 591
475 604
475 107
475 676
475 403
475 521
475 496
475 492
475 432
475 390
475 561
475 392
475 400
475 452
475 514
475 423
475 515
475 557
475 489
475 556
475 527
475 544
475 545
475 542
475 523
475 506
475 565
475 553
475 434
475 474
475 402
475 438
475 524
475 355
475 431
475 547
475 481
475 460
475 502
475 548
475 546
475 488
475 567
475 487
475 559
475 519
475 500
475 359
475 458
475 531
475 370
475 373
475 450
475 439
475 396
475 444
475 361
475 461
475 388
475 419
475 491
475 442
475 374
475 463
475 410
475 391
475 482
475 497
475 471
475 436
475 367
475 394
475 555
475 465
475 525
475 490
475 417
475 378
475 418
475 513
475 507
475 446
475 1427
475 1358
475 606
475 1645
475 1536
475 484
475 580
475 1425
475 1122
475 1673
475 1692
475 1320
475 414
475 428
475 651
475 1237
475 1155
475 1374
475 376
475 1844
475 348
475 1767
475 363
475 1300
475 517
475 563
475 1545
475 1313
475 1549
475 1332
475 930
475 1882
475 483
475 1179
475 353
475 1514
475 641
475 566
475 1435
475 366
476 348
476 501
476 399
476 364
476 198
476 441
477 348
477 457
477 397
477 563
477 485
477 369
477 554
477 516
477 357
477 425
477 518
477 439
478 348
478 434
478 496
478 534
478 508
478 405
478 436
478 349
479 348
479 473
479 395
479 417
479 515
479 542
479 503
479 484
479 559
479 561
479 492
479 375
479 545
479 483
479 394
479 368
479 404
479 440
479 428
479 511
479 517
479 460
479 425
479 398
479 408
479 352
479 431
479 409
479 512
479 520
479 525
479 456
479 536
479 493
479 538
479 527
479 513
480 593
480 348
480 540
480 563
480 449
480 414
480 543
481 348
481 367
481 463
481 475
481 397
481 531
481 450
481 376
481 547
481 429
481 354
481 539
481 504
481 474
481 412
481 489
481 359
481 422
481 519
481 396
481 418
481 355
481 363
481 466
481 555
481 361
481 522
482 348
482 553
482 363
482 515
482 428
482 507
482 432
482 366
482 378
482 458
482 517
482 353
482 506
482 565
482 391
482 483
482 412
482 556
482 376
482 548
482 497
482 431
482 525
482 402
482 475
482 400
482 374
482 460
482 404
482 446
482 496
482 484
482 392
482 362
483 669
483 614
483 591
483 107
483 639
483 604
483 671
483 542
483 494
483 374
483 432
483 487
483 500
483 436
483 535
483 525
483 431
483 557
483 497
483 493
483 503
483 388
483 395
483 561
483 544
483 461
483 473
483 513
483 444
483 567
483 391
483 515
483 482
483 527
483 385
483 378
483 430
483 463
483 537
483 417
483 412
483 446
483 492
483 416
483 392
483 560
483 520
483 422
483 507
483 373
483 553
483 465
483 514
483 408
483 479
483 506
483 438
483 524
483 496
483 404
483 397
483 419
483 559
483 370
483 367
483 919
483 1871
483 601
483 348
483 1490
483 1582
483 1487
483 1358
483 1455
483 420
483 1204
483 363
483 538
483 1907
483 1427
483 1303
483 1374
483 1001
483 1677
483 1654
483 1108
483 1729
483 1284
483 976
483 1454
483 962
483 1742
483 1014
483 1778
483 1773
483 1032
483 1066
483 1881
483 1682
483 1192
483 1786
483 1122
483 353
483 651
483 1611
483 1763
483 942
483 1766
483 414
483 1324
483 1673
483 1300
483 606
483 1158
483 1018
483 1732
483 1706
483 1464
483 1382
483 1679
483 1397
483 1020
483 1638
483 1574
483 1824
483 1396
483 1820
483 1113
483 637
483 1492
483 1277
483 1565
483 1812
483 1392
483 1751
483 1625
483 1740
483 1446
483 1318
483 1425
483 566
483 1512
483 1104
483 1694
483 1025
483 1875
483 1245
483 984
483 526
483 475
483 1543
483 1273
483 1095
483 1882
483 1294
483 1536
483 1282
483 930
483 1332
483 1320
483 1767
483 936
483 1899
483 1508
483 1878
483 1828
483 1086
483 1148
483 1473
483 1660
483 1720
483 1692
483 1406
483 1429
483 1695
483 1680
483 1309
483 1357
483 1114
483 1155
483 917
483 1783
483 1850
483 1237
483 484
483 948
483 1790
483 376
483 1313
483 1475
483 1349
483 933
483 1545
483 517
483 580
483 1179
483 1606
483 1661
483 1631
483 896
483 1495
483 1514
483 1894
483 1166
483 1400
483 1012
483 1616
483 1848
483 1080
483 1645
483 1102
483 641
483 1142
483 1595
483 1261
483 1801
483 596
483 1373
483 1844
483 1281
483 1408
483 1893
483 1870
483 1515
483 563
483 1794
483 1210
483 366
483 954
483 1099
483 1744
484 515
484 375
484 465
484 560
484 525
484 423
484 378
484 520
484 430
484 527
484 398
484 391
484 537
484 506
484 419
484 352
484 513
484 514
484 431
484 536
484 503
484 493
484 412
484 440
484 456
484 500
484 400
484 544
484 350
484 567
484 408
484 497
484 404
484 559
484 479
484 494
484 436
484 482
484 511
484 1813
484 526
484 1237
484 1620
484 1374
484 651
484 1217
484 1645
484 1349
484 1408
484 517
484 1882
484 936
484 1179
484 1122
484 1357
484 348
484 1095
484 1514
484 1160
484 1506
484 606
484 1778
484 1397
484 1238
484 1320
484 1598
484 1029
484 1114
484 1673
484 1897
484 475
484 1487
484 913
484 366
484 1155
484 428
484 1692
484 1694
484 637
484 1422
484 1677
484 353
484 1512
484 538
484 1536
484 483
484 1001
484 420
484 1885
484 1543
484 953
484 1080
484 1300
484 1740
484 1173
484 1616
484 1223
484 1604
484 1313
484 566
484 1574
484 363
484 968
484 1545
484 580
484 1358
485 348
485 397
485 477
485 563
485 518
486 348
486 516
486 457
486 424
486 469
486 381
486 551
486 380
486 505
486 389
486 369
486 554
486 419
486 357
486 509
486 459
487 348
487 353
487 445
487 409
487 462
487 444
487 363
487 391
487 559
487 483
487 503
487 492
487 493
487 513
487 431
487 556
487 412
487 392
487 400
487 446
487 404
487 419
487 538
487 376
487 500
487 408
487 525
487 421
487 378
487 475
487 439
487 465
487 388
488 348
488 527
488 497
488 559
488 394
488 378
488 524
488 419
488 444
488 391
488 412
488 434
488 556
488 408
488 517
488 436
488 513
488 398
488 400
488 376
488 512
488 395
488 511
488 496
488 553
488 438
488 374
488 475
489 348
489 354
489 519
489 535
489 546
489 422
489 450
489 359
489 474
489 463
489 475
489 555
489 355
489 361
489 458
489 481
489 376
489 547
489 396
489 452
489 531
489 403
489 557
489 367
490 348
490 491
490 458
490 367
490 523
490 446
490 407
490 376
490 391
490 502
490 548
490 475
490 434
491 348
491 502
491 359
491 548
491 391
491 373
491 475
491 367
491 490
491 376
491 446
492 348
492 606
492 641
492 651
492 604
492 614
492 580
492